8.672047
8.984166
8.617088
10.904546
9.734988
9.907587
11.315620
10.137628
10.396650
9.295360
10.064733
9.811602
9.707386
10.960611
9.584652
10.518039
10.582468
11.268190
9.416832
10.104078
10.657992
8.625016
10.847823
10.750521
11.121008
10.298125
11.713388
10.968996
9.520836
9.837210
9.771418
10.209846
9.272400
9.794464
9.776398
10.990180
7.107535
10.924046
8.294506
9.732232
10.362203
8.709303
9.872526
11.826951
9.979109
10.873714
11.440725
11.715961
9.841069
10.355946
9.213655
8.711031
9.331182
9.826507
9.060946
11.597984
9.875778
10.786169
8.415411
10.339531
11.246844
9.189671
9.753000
10.390003
11.001741
10.467038
11.684216
11.043274
9.445546
8.571892
9.455283
8.874067
10.194767
9.550343
11.525866
9.874273
9.980239
10.473180
11.330949
7.890810
8.168228
9.145720
10.242603
9.995378
8.992590
10.696652
8.758029
10.320098
10.028809
9.071018
10.231709
9.545924
11.080981
10.254349
8.149800
11.865656
10.742009
10.529031
10.666647
9.360375
10.428542
9.815641
8.696110
10.160862
11.089084
9.779418
10.845363
9.161867
10.422207
9.712570
8.353429
8.794168
12.214763
10.328610
11.180134
11.655409
12.127386
10.125909
8.582492
8.308479
10.250235
11.992317
8.596811
11.281579
10.529327
10.848542
11.237676
8.972271
10.449384
12.200914
12.016572
10.336544
11.062168
9.968726
10.375561
9.718098
10.872854
11.468837
10.267332
10.864892
11.218649
10.221694
7.535350
9.048382
11.502515
9.177611
11.539778
8.990324
9.410739
11.316210
10.254241
10.738619
9.644546
10.272570
9.863085
9.491932
9.144444
11.163507
7.324389
11.302008
11.142714
9.522819
10.457603
9.758587
9.865473
9.577679
9.389434
10.993324
12.357165
10.853832
7.240722
9.703654
10.599441
10.919209
11.460547
10.100821
10.203571
6.188541
9.076522
10.822521
11.315080
10.281273
11.109710
9.941148
12.005586
8.744407
11.829170
8.363148
10.735930
9.867904
8.189046
11.236485
11.350402
9.950507
8.760140
10.023723
8.697046
10.018362
12.050888
12.086704
9.262156
9.819446
11.382084
11.081762
12.969580
9.725340
11.813189
10.184354
10.554172
8.420517
10.793458
10.772443
11.302321
11.885594
9.983588
11.086509
9.305676
10.887663
9.815786
9.836026
10.222023
9.549500
9.148852
9.786495
11.748530
10.870714
13.257166
11.234311
11.383276
9.880304
10.852055
7.703704
9.647444
11.859793
9.946685
6.928989
11.179392
9.406735
11.140251
10.739706
10.172364
8.072852
10.668705
8.244498
12.625335
10.376914
9.527154
10.382297
9.815124
10.005756
9.841041
9.590389
9.435923
11.208718
11.004892
11.130811
9.450901
11.192692
10.846846
10.386126
9.529202
7.966890
10.793429
11.554703
9.503149
9.301605
9.852483
8.632848
13.727607
9.397245
10.707347
8.635465
8.167107
9.526714
11.816137
10.270248
12.297367
8.901760
11.156587
10.691426
9.797560
10.194353
10.560610
10.340604
11.317319
12.417315
10.522468
11.050335
9.500382
11.091865
12.171847
9.620426
9.116983
11.504669
12.492811
9.922512
8.670913
11.156968
9.807693
9.440901
12.224569
11.831241
8.669758
9.679588
9.723966
11.461098
11.708481
11.877429
9.064953
10.831590
11.071017
10.728174
11.147038
9.273185
11.640914
9.996331
11.276324
8.289469
11.182750
7.642518
10.672182
11.257119
11.406337
8.572683
11.133844
9.842625
10.350929
9.112526
9.708987
9.706061
8.416709
10.246591
10.285555
13.631529
9.358998
9.744648
11.236212
11.035832
11.004492
10.307015
9.596408
12.960881
8.461296
11.381984
8.803166
11.130834
9.705566
10.027328
10.425742
10.838719
9.846506
9.236200
8.805956
10.522892
11.127645
10.140505
9.343274
8.024851
9.475920
10.015799
11.141778
10.566318
6.882208
7.930932
11.801505
9.391078
10.478614
10.405984
12.714002
10.105358
8.663176
10.449208
10.224490
11.099417
11.238779
11.736712
8.276230
9.643722
9.266438
10.713882
12.389059
10.419692
11.845894
11.688672
9.626285
10.213419
11.234574
11.307186
10.798580
9.282842
11.326776
10.218340
10.892551
11.592396
12.887781
10.243215
12.083946
12.222568
8.385888
9.629653
11.962604
12.206061
10.279263
10.800683
10.074527
10.226547
10.572744
10.719305
12.342795
10.759318
9.613901
11.713285
9.234091
9.257079
8.266147
9.828276
9.427171
12.688517
8.245279
9.273418
9.887357
8.874734
11.439596
9.208455
11.990782
8.338032
10.820944
7.657331
9.953186
10.190155
9.835793
7.671501
11.746981
8.823964
8.130437
12.134653
10.551253
9.418223
9.212622
10.243578
8.273134
11.317754
10.839388
11.984736
9.859116
9.143064
11.072071
13.043794
10.728742
7.816270
10.578712
11.859699
8.944089
9.397484
7.616938
9.366468
10.778109
10.565364
9.364923
11.661549
11.721478
10.258610
11.097502
10.980347
8.459103
12.249445
8.872242
11.227407
10.192856
9.888147
11.958609
11.837570
9.547598
8.821493
10.822265
8.493848
9.184025
9.768288
10.554120
10.544164
10.536190
9.193970
10.145326
9.807682
9.116578
10.109888
7.915632
12.153264
8.197967
11.243310
10.585023
8.875400
10.416765
7.964876
8.088995
9.558902
10.934877
10.164884
10.239880
9.752858
13.241476
12.330863
10.576870
10.630105
12.247077
11.188764
9.802823
9.856608
9.724561
8.872108
12.338893
9.746164
10.326531
9.616238
10.532104
11.252232
10.187527
10.029541
10.210240
10.584756
10.794810
10.127426
11.582064
11.596106
8.643678
9.539149
9.016307
9.307810
7.022250
10.775665
11.265989
9.716382
9.719974
12.438678
11.124247
8.439075
11.181782
9.932265
11.675179
12.159570
12.419054
10.719454
9.626991
10.440460
12.885126
12.095704
11.063159
10.776923
9.969456
10.841676
10.787132
12.538620
11.692518
11.588174
9.393960
12.530910
10.940228
9.193117
8.798025
12.752242
9.077561
10.004682
9.326264
9.534024
8.260741
9.927726
11.218057
9.448375
9.570475
10.517691
11.620883
9.210497
9.544402
9.241970
9.705163
10.409801
11.788260
9.986513
9.052738
10.312740
11.250819
10.666111
11.067588
10.233608
11.196795
8.966051
10.852145
8.455848
10.165830
9.285050
12.872714
10.505951
9.349089
10.201804
9.865925
11.866817
10.617147
10.472764
10.738777
9.297991
11.688642
7.598122
10.158889
10.266204
9.976155
9.988113
10.622177
11.302249
9.061259
11.015615
9.339291
9.909334
9.868796
7.795288
9.728083
8.644853
10.263726
10.778627
8.291111
8.562136
10.312261
8.789013
9.992079
9.592677
9.961427
8.749494
12.034593
9.392848
11.307562
8.337079
8.085286
9.401982
10.306310
8.963715
10.931563
10.183035
10.752273
10.414264
9.721497
8.949306
11.746864
9.955778
11.221711
11.608040
12.832840
10.171950
9.511883
10.590451
9.730082
12.649989
10.613029
9.928584
9.817266
9.621060
9.419182
8.757650
11.566818
11.275855
10.669123
11.419311
10.217794
8.711073
10.774784
11.409737
8.363027
10.882394
10.690146
12.230958
10.099388
9.949464
10.356383
10.457487
10.393450
8.413349
9.662890
12.081751
13.239549
9.998374
11.616950
10.565904
10.841871
13.694029
10.177008
11.320699
9.061225
9.923745
10.346567
9.733198
9.558491
10.290286
11.538654
10.245721
10.737236
11.865226
9.128986
10.737977
10.801995
11.849468
8.697351
9.822816
10.452609
11.833859
8.651346
9.230229
9.017488
10.127324
12.146809
9.912315
11.163952
11.266930
12.857368
11.320407
8.416775
10.127004
7.821427
8.251810
8.895222
10.122710
8.289651
9.278522
9.661691
9.635300
9.338448
11.727138
10.791692
11.982595
9.978419
9.326237
10.593322
9.523676
9.254700
9.392759
7.844884
12.748596
9.003170
9.688127
9.366931
12.715675
8.340422
9.237660
10.127242
11.098725
11.992146
9.780660
9.531788
9.768947
9.731937
10.524489
8.540899
11.112287
8.282462
12.571219
11.859677
10.185967
9.264205
9.564793
10.449721
13.186223
12.520391
9.385945
10.912504
12.195756
11.393439
9.187832
10.027408
11.253539
10.818213
7.941495
11.408602
10.906598
10.166163
10.210343
11.309404
10.421206
9.304308
8.965557
9.669024
9.595904
12.263535
10.577329
10.128260
10.102491
11.409171
10.796973
10.292763
11.852719
11.623350
9.060534
10.346237
10.469671
9.634823
9.388059
10.193046
10.957095
7.708510
11.563042
10.426832
7.624903
10.029391
8.783749
10.267245
10.251435
10.670667
9.054159
9.857313
12.145379
8.755049
11.940215
9.883342
9.322366
9.976563
9.753500
11.397732
9.131091
10.912881
11.866923
9.198175
10.232416
12.221334
7.656380
12.260158
10.724787
9.189800
11.835329
10.270754
9.822216
8.371522
8.401681
10.158765
9.583445
9.234700
11.229174
9.175086
9.114703
9.679144
8.652134
7.793633
8.918847
9.354795
12.131891
7.670534
10.730306
9.567626
13.270309
8.964029
10.221112
9.730063
10.853561
9.152107
10.051238
8.944083
11.004265
9.561397
11.719707
9.670350
9.217347
10.215194
10.550974
12.185570
11.384317
10.684505
9.211909
10.218460
10.780997
9.316748
10.449212
10.129638
9.908875
8.751707
9.038763
9.223489
9.881248
7.773491
8.956573
9.934762
9.121325
9.813478
11.415475
9.107512
8.825903
9.755164
11.192812
9.266750
11.599221
9.122102
8.879686
10.244334
11.136565
10.951858
9.096907
9.996381
9.794517
9.666778
10.946737
12.223988
9.990571
9.961791
10.229934
8.782103
10.048682
12.277822
10.232181
11.097483
9.974463
8.776479
11.329573
10.116780
10.526026
9.458154
10.999586
10.868863
10.438749
10.855717
10.765367
8.363516
12.377923
9.688320
9.971851
8.656660
9.145237
11.233699
11.202600
10.949114
9.996056
11.015195
10.078597
9.838795
11.542279
9.216236
9.199943
8.841159
8.952694
9.730799
8.764206
10.221263
9.834937
8.865594
10.768602
7.999703
10.677644
10.116655
9.201414
10.402841
9.240485
12.739029
8.817506
9.220044
12.548529
11.912679
9.688176
10.530357
10.633904
10.637546
9.512266
9.800713
9.263669
10.414304
9.181385
9.602871
8.703220
9.661690
10.786156
9.548028
8.990800
10.679736
9.997540
10.885409
11.146326
12.139141
10.324573
10.157621
10.531638
11.405917
9.785621
11.390693
11.239979
9.096447
9.139306
11.675702
11.080048
9.738458
10.626675
7.985125
13.442319
9.337767
9.662614
11.230028
10.435737
11.293859
8.629406
7.431121
10.280445
9.940895
9.834058
10.353978
10.098279
11.247384
9.662968
9.630999
9.707630
