0.000000
0.763711
1.721917
0.555068
1.824167
1.995996
1.685487
1.573545
1.372201
0.508303
1.011935
1.344332
0.738701
1.179268
1.585676
0.073467
0.089798
0.401636
1.121986
0.814642
1.215492
0.762199
0.345362
1.132770
1.677287
0.399564
1.876576
1.246113
1.986033
0.083412
0.042789
1.339264
0.067109
0.180504
1.508484
1.485430
0.088779
1.719579
0.805554
1.742419
0.413154
0.049130
0.337085
0.844972
0.001276
0.931866
0.500916
0.767248
0.999858
1.056125
0.021818
1.514376
0.387103
1.609426
1.916323
0.666509
1.112234
1.551381
0.920773
0.163274
1.449206
1.475743
0.452140
0.326685
0.825485
1.196065
0.494274
0.975963
0.567869
0.610417
0.863145
0.618857
1.768145
1.262761
1.894934
1.902911
1.163442
0.583974
1.608097
0.965200
1.740283
0.786472
1.884318
1.132093
0.777820
0.347611
1.740079
1.130074
1.345912
1.404209
0.948358
0.497262
0.701534
0.955482
1.620954
0.926911
0.746485
0.864096
1.164177
1.798149
1.754642
0.000000
0.941512
1.132555
1.906898
1.439337
0.894483
1.592811
1.455486
0.731434
1.404533
1.079261
0.628733
0.921569
1.941206
1.300383
0.174394
1.637275
1.214865
1.491919
1.004202
1.397718
1.298913
1.878016
1.527741
0.562377
1.524048
0.940689
1.661204
0.649114
0.706493
1.924743
1.176199
1.140205
1.102549
1.065186
1.042078
0.131027
1.965280
1.954690
0.311577
1.247275
1.826601
1.193644
1.430142
1.744789
1.424481
0.819245
0.168706
0.528401
0.404641
1.020228
0.291939
1.634992
1.196974
0.566866
0.420532
1.327576
0.760620
1.191056
1.093954
1.124387
0.861612
0.804038
0.765517
1.385601
0.355303
1.023435
0.593656
0.049673
1.281396
1.308128
1.889850
1.657045
1.978758
0.214184
0.129557
1.311026
1.490084
1.440555
0.341491
1.782574
0.130783
1.266473
0.617124
0.640123
1.790211
1.864936
1.388286
1.448176
1.039050
0.386898
1.260738
1.860038
1.419013
0.103030
0.789474
1.318992
0.815578
0.688936
0.123259
1.102387
0.000000
1.267878
0.091120
1.190910
1.300919
1.373144
1.651422
0.409104
1.325770
1.092455
0.709585
0.939076
1.986712
1.032223
0.730050
1.014669
0.517279
0.419728
0.774565
1.517934
0.922577
0.765831
1.415377
1.554761
0.815486
0.747491
1.169128
0.456277
1.736915
0.720993
0.663396
1.914538
0.225851
0.730959
1.904898
0.535410
0.790873
1.958917
0.669048
1.461667
1.429100
1.192938
0.152285
0.352374
0.201594
0.014508
0.721118
1.117348
0.124304
0.094373
1.050249
0.628153
1.184534
1.207403
1.994964
0.963808
0.190659
0.339440
0.078694
0.816660
1.114567
1.330035
1.190834
1.229605
1.138298
0.911307
0.551381
1.235825
1.131657
0.718932
1.728742
0.026768
1.293894
0.435486
1.529273
1.782073
1.708461
1.383446
0.522486
0.779539
0.719461
1.120988
0.514591
1.486206
1.582408
0.595139
0.711926
0.297437
0.444632
0.507787
1.696494
0.145398
1.299389
1.896700
0.335562
0.118330
1.541900
1.612401
1.418455
1.788000
1.632171
0.000000
0.844648
1.740123
0.497122
1.427857
0.396855
1.224371
1.540058
1.374084
1.544560
0.848965
1.343224
1.127737
1.832374
1.581776
0.274590
1.392333
1.532124
1.275557
0.494530
1.973363
0.299670
0.186647
1.324199
1.422397
1.075860
1.037782
1.419029
1.707916
0.516460
1.313620
0.631560
0.482804
0.480715
0.255728
1.843679
0.661320
0.718948
0.975810
0.348585
1.648046
0.688482
1.531244
1.290494
0.007331
0.080554
0.025333
1.897394
1.912121
1.342002
0.584396
1.328892
0.244440
1.162299
0.863348
1.685146
1.062801
0.995224
0.911428
1.959907
0.300659
1.453518
0.100222
1.183655
0.161824
1.485828
1.894823
0.520280
1.896919
0.104568
1.477216
1.170178
0.771052
0.861895
1.399637
0.817790
0.032740
0.638768
1.848270
0.138881
0.662899
1.412704
1.731151
0.248072
0.308012
1.603274
1.680196
1.650468
1.574041
0.147361
1.329675
0.963782
1.153545
0.617712
1.967540
0.945810
0.315591
1.518115
0.979016
0.376603
0.558055
0.000000
0.369369
1.196601
1.214576
0.723170
1.082033
0.457142
0.008019
0.975896
1.947943
0.255090
1.198362
0.497446
0.842719
1.233521
0.507117
0.142511
0.984478
0.925504
1.723807
1.399057
1.574791
0.371740
0.062987
0.395668
0.196442
0.965143
0.703018
0.908181
0.717705
0.834828
1.222186
1.979996
0.793487
1.820855
1.898221
1.478516
0.735914
1.265774
0.344421
0.914787
0.532345
0.234246
0.153150
0.639102
1.249492
0.978912
1.034456
1.419745
1.285803
1.672234
0.760408
1.229380
0.990054
0.656745
0.328716
0.722821
0.053594
1.118556
0.205226
0.652244
0.609269
1.857085
0.184877
0.761199
1.358063
1.282711
1.820591
1.242682
1.587847
0.399715
1.620763
1.021701
0.888924
0.551232
1.370569
1.517680
0.267911
0.226716
1.398954
0.115057
0.059336
1.723434
1.318271
1.076937
0.994224
1.415452
0.285727
1.831474
0.860685
1.098128
0.053348
1.060897
0.388999
1.562689
0.050079
1.901334
0.765560
0.658878
0.993572
0.182590
0.000000
1.322515
1.815666
0.579921
0.675268
0.166720
1.243618
1.736574
1.814087
1.320926
1.448556
0.266032
0.597882
1.975820
1.014755
1.406839
0.259087
0.174750
1.789457
0.556074
0.459738
0.956625
0.927389
1.436887
1.624014
1.887334
0.703942
0.740707
0.216017
0.492139
0.813080
0.488048
1.024566
0.785465
1.574991
0.126563
0.979807
0.621849
1.067374
0.459861
0.015176
0.976661
1.089473
1.868197
0.318940
0.850970
1.809785
1.963142
1.152582
0.512286
1.589825
0.275836
0.161901
1.085812
0.416079
1.319258
0.566912
0.277251
0.634621
0.348339
0.295925
1.526209
0.899675
0.571239
0.019583
1.765685
0.408365
1.814385
0.150904
0.539126
1.960769
1.419279
0.358611
0.344205
0.495888
1.381980
1.521491
0.628782
0.160909
0.331864
1.623720
1.174570
1.408888
1.514760
0.355856
0.246442
0.287145
1.983222
1.029665
1.056992
0.024118
1.164640
0.069899
0.344895
1.064010
0.108172
1.447218
1.709710
0.580616
1.726714
1.778715
0.000000
0.076869
1.050900
0.734838
0.844923
1.562336
0.486995
0.336309
1.114593
1.209006
0.461398
0.562756
0.100216
1.566412
0.489847
1.482556
0.172147
0.331626
0.967133
1.994017
0.870095
0.904030
0.780112
1.144122
0.691370
1.773285
1.102012
1.514622
1.033059
1.750602
0.368132
0.489264
0.604624
0.584936
1.071345
1.462809
0.263455
0.296342
1.605707
1.459052
1.210442
1.423283
1.116927
0.657711
0.839641
0.737680
0.577847
0.391429
0.849501
0.355073
0.421824
0.374018
1.928185
1.986812
1.548750
0.796491
1.262747
1.413641
1.156137
1.517182
1.377000
1.323071
1.950996
0.169784
1.095823
1.800543
1.818056
0.717225
1.667002
0.404230
0.937090
1.905264
0.829902
1.520181
1.998032
0.573567
1.426354
0.606959
0.724697
1.741396
1.316740
0.130633
1.937285
1.707104
1.555125
1.113442
1.460188
0.687387
0.650995
1.526539
1.156202
1.958204
1.017948
0.942972
1.580794
0.513374
0.111632
1.033523
1.983873
0.235922
1.156991
0.000000
0.345583
0.140750
0.992627
0.644187
0.761498
1.329583
0.765525
1.112068
0.976142
1.761993
1.345178
0.637727
0.247807
1.663621
0.893602
1.402185
0.567390
1.708646
1.677781
1.047612
1.259401
1.200927
1.378963
0.875039
0.138396
0.299719
1.154922
0.003992
0.046180
0.448993
1.517342
0.925209
0.289543
0.332438
0.611345
0.263102
1.933109
0.359150
0.469946
0.297045
0.638169
1.795074
1.366124
1.074487
0.013326
1.404200
1.935756
0.984010
1.679943
0.677361
0.062314
0.975019
1.398639
0.560695
1.057950
1.167217
1.959800
0.478326
0.131193
0.534292
1.720657
0.535823
0.934387
0.280942
0.485174
0.141806
1.299154
1.674910
0.866850
0.927513
1.256381
0.852785
1.084001
1.410811
1.769648
1.510474
1.244768
1.856750
0.108584
0.341577
1.812937
1.929711
0.533846
1.785157
0.885276
0.720582
0.961393
0.740031
1.275368
1.075884
0.995001
0.579561
1.607415
0.380318
0.986270
1.658596
0.466913
0.332337
1.265849
0.173045
0.000000
0.582998
1.872699
1.576592
1.904333
0.043930
0.059539
1.248944
1.354260
0.420432
1.360002
1.172778
0.574780
1.933630
1.768014
1.828387
0.673887
1.005936
0.523823
1.818410
1.908422
0.504082
1.290635
1.849463
1.127209
0.663418
0.847083
0.344009
1.979298
0.498737
1.218683
0.124598
1.096346
1.705893
0.177866
1.354887
1.020632
1.541361
0.529637
0.401510
0.552789
0.854608
1.842373
0.938571
0.266183
0.431657
0.763648
0.706929
0.913119
0.597407
0.523153
1.279236
1.299234
0.580076
1.377614
0.604065
1.046750
0.793839
1.025313
1.815875
0.595520
1.903134
0.954336
0.320332
1.350563
1.112541
1.981065
1.765875
0.070952
1.859673
1.916777
1.521185
0.948980
1.969314
1.064505
1.058448
0.953193
1.538609
0.913316
1.097564
0.609840
1.127108
1.513398
1.532295
1.937773
1.089875
0.073149
0.390571
0.519353
0.921685
0.166455
1.800352
1.837654
0.277243
0.740147
0.389479
0.453603
1.917493
0.523074
1.451212
1.534699
0.000000
1.133360
0.372601
0.928359
0.803170
1.996289
1.690344
1.113768
1.533270
0.216815
1.574739
1.469554
1.987828
0.716088
0.336302
1.831849
1.975615
1.078612
1.219487
1.972169
0.152549
0.693805
0.263417
1.477413
1.667803
0.138691
0.838791
0.093294
1.737930
1.797945
1.326049
0.992329
0.989328
1.668839
1.344299
0.236350
1.199432
1.797966
1.650413
0.293262
0.218557
1.627023
1.809426
0.497113
0.374517
1.231818
0.494237
1.516489
1.375804
1.789836
0.798935
0.705641
0.217780
1.889954
1.511928
1.111491
0.390215
1.835144
1.917192
0.752407
0.421291
0.565782
1.655159
0.136448
0.547364
0.973495
1.649594
0.865248
0.263647
0.323228
1.324698
0.991073
0.752162
1.628607
1.380484
1.067824
0.706052
0.342633
0.013575
1.481377
1.013984
1.826059
0.641726
0.035079
0.451735
0.317289
0.800832
0.118315
1.402945
1.720315
1.028566
0.004555
1.347735
0.788187
1.261433
0.700641
0.237198
0.191186
1.295660
0.684154
1.898037
0.000000
0.870677
1.130945
1.658594
1.934031
1.363425
1.842229
1.802319
1.990838
0.166592
1.406353
0.542070
0.278419
1.115185
1.732218
1.865850
0.984673
1.414507
0.927735
1.145800
0.748068
0.538141
0.370583
0.086582
0.882861
1.940449
1.362505
1.051821
0.150898
0.884220
0.064826
1.159885
0.635076
1.796295
1.633341
0.145986
1.564074
0.742796
0.022076
0.655468
1.122420
1.549670
1.057373
1.758759
0.105487
0.564735
0.007271
0.887711
0.284946
1.577838
1.604704
0.583342
1.927504
0.306795
0.243116
0.804565
1.219410
1.898673
0.320063
1.782926
1.402190
0.511457
0.345255
1.332996
0.920488
1.800622
1.119911
0.077582
0.686168
0.612706
0.426108
0.866672
1.424028
0.376697
0.814325
0.566727
1.626440
1.770850
1.824329
1.979405
0.523545
0.300288
1.717404
1.433063
1.164423
0.440123
0.202215
0.668005
1.825748
0.495301
0.362664
1.368917
1.849666
1.070926
1.264512
1.648268
0.707264
0.100153
1.083924
0.437895
1.397463
0.000000
0.474113
1.935688
0.902691
1.793802
0.290415
0.144822
0.524637
0.752436
1.760425
0.222919
0.613801
1.298279
1.078411
0.561906
1.660511
0.433651
1.474915
1.239787
0.437659
1.146877
1.311929
0.900238
0.690825
1.485667
0.570256
0.774655
0.862754
1.072047
1.151174
1.203299
0.151304
0.370465
1.258565
1.827221
0.346849
0.715538
0.362884
0.220609
0.115305
1.295422
0.926051
0.485730
1.976411
0.880347
1.140037
1.999498
0.287429
0.666439
0.202641
1.321199
0.769647
0.017277
1.019239
1.011928
1.914477
1.204179
0.268502
1.573220
1.573140
1.404289
0.591309
1.592628
0.670299
1.047260
1.342521
0.581038
1.883494
1.896063
1.073949
0.847777
0.469219
1.682646
0.613008
1.866384
1.163967
1.786544
1.513665
1.726149
0.732655
0.860561
0.110287
1.580862
0.843976
0.337379
0.704584
0.121578
1.809089
0.873945
0.779035
1.109011
1.069941
1.619810
0.415206
1.800585
0.491299
1.104675
0.806279
1.109712
0.954719
1.407145
0.000000
0.404151
0.385611
1.643690
0.182543
1.750551
0.026741
0.840961
1.406617
1.447513
1.157313
0.974792
1.962625
0.216953
0.793237
1.629747
1.926953
0.777839
1.899958
1.396327
1.188572
1.753106
1.549484
0.106880
0.970317
0.072329
0.350273
1.151799
1.216962
1.977210
0.726924
1.801769
1.940922
0.872206
1.928783
1.048515
1.364318
1.196353
1.594735
1.369866
0.802811
0.277560
1.615617
1.046198
1.962456
0.328073
0.311162
0.646006
1.711391
0.635116
1.140817
1.009336
0.678688
1.115021
0.304173
0.500884
1.468825
0.317360
1.766883
1.959124
1.319457
0.096995
1.316622
1.155250
0.271019
0.591278
1.967935
1.508404
1.773223
0.730954
1.165583
0.486527
1.160642
1.903438
1.984227
1.669119
0.348734
1.137285
1.158687
1.197659
0.752069
0.712502
0.265536
0.914433
0.239076
0.790406
0.095853
1.771185
0.226500
1.351900
1.991693
1.682897
1.997583
0.604906
0.198603
0.145797
0.820646
0.297518
0.619096
0.521894
1.976408
0.000000
1.325693
1.172753
0.520652
0.732443
1.898639
1.419465
1.451036
0.901622
0.047984
1.201984
1.771210
1.712979
1.304254
0.231214
1.480879
0.343452
1.774393
1.597668
1.739824
0.234961
1.201537
0.487128
1.779049
1.608179
1.981428
1.050142
0.658739
1.811345
1.692618
1.025685
1.426482
0.563998
1.573524
1.647013
1.650901
0.473854
1.367726
0.805359
1.974494
0.731965
0.385024
0.148103
1.891105
0.082702
0.778473
0.596049
0.429122
0.777036
0.755781
0.135521
0.562425
1.443712
1.389655
1.893971
0.790849
0.152506
1.536949
0.657833
0.710513
1.472380
1.996933
1.855286
1.198596
0.807092
1.214757
0.721368
1.712366
1.234966
1.636900
0.966322
1.125439
1.667385
0.548428
1.879833
0.416801
1.745065
0.332216
0.186897
0.170596
0.952827
1.387684
1.180595
0.269114
0.646380
0.322684
1.335058
1.234216
1.413335
1.822804
0.586116
0.353747
0.346460
0.487676
1.720827
1.765565
0.653790
0.907279
0.469077
0.766160
0.103600
0.000000
1.463298
1.471882
0.277082
0.948176
0.732117
1.535184
1.706835
1.135822
0.177505
0.210163
1.905442
0.783188
0.916768
0.550614
0.440361
1.497854
0.973753
1.171339
0.182055
1.813828
1.650573
1.993790
1.775380
1.430444
1.117336
0.156340
0.274135
1.012318
1.588435
1.023752
1.495173
1.061616
0.827881
1.189714
0.998531
0.470850
0.641086
1.784993
1.697451
0.851928
0.268346
1.800605
0.416415
1.043878
1.320147
0.981277
0.713228
1.819492
1.578267
0.035821
0.453985
1.027740
1.409122
1.407869
0.741773
0.276039
1.940722
0.260999
0.254711
1.980774
1.374133
1.443884
0.405958
0.379134
1.291722
0.831202
1.786736
0.663979
1.972201
1.378183
0.560017
0.203599
1.603902
0.524670
0.199131
1.140505
1.509874
0.777783
1.103113
0.560522
1.768760
1.915074
1.652764
0.033120
0.086520
1.555246
1.866687
1.533986
1.099707
0.800725
0.249378
0.860436
1.944131
0.896169
0.040267
1.144748
0.091422
1.709883
0.941941
1.121645
0.000000
1.181675
0.863742
1.208364
0.267531
1.156713
1.383398
0.289504
0.044560
1.017949
1.270261
0.718488
0.369769
0.935846
1.487819
0.417278
0.067245
1.965993
0.056692
0.845858
1.469499
0.378868
0.910925
0.960450
1.138829
1.234478
0.520950
1.681847
1.125956
1.987757
1.068204
0.507377
1.033417
1.944875
0.341132
0.913151
0.426165
0.493484
1.754409
1.880102
1.570754
0.327954
0.481343
0.158736
0.664295
1.298948
1.701450
0.558630
0.431488
1.333547
1.813590
1.083964
1.721662
1.849899
0.826126
1.928746
1.729611
1.268152
0.133161
0.691296
0.785873
1.000866
0.125696
1.759578
1.684530
1.148080
0.189436
0.345494
0.007399
0.647301
1.610616
0.238436
1.671336
0.824111
0.903335
0.659346
1.217377
0.645665
0.501953
1.157304
0.187469
1.355870
0.264720
1.764674
1.697216
0.930158
1.049675
1.086657
1.341328
0.845379
1.158562
0.908707
0.349455
1.385191
0.191907
0.827417
1.942281
0.985973
0.935241
1.458712
1.922701
0.000000
1.396356
0.693537
1.675016
0.935373
1.124393
1.593268
0.856557
1.386597
0.940494
1.513933
1.717524
1.213845
0.926122
0.203751
0.455356
0.785127
1.889331
1.040640
1.351694
0.438943
1.228667
0.308624
0.501297
0.084493
1.675494
0.340799
0.419841
1.641363
1.747088
1.532500
1.857480
0.347904
1.254647
0.503752
0.100201
0.443978
0.624279
0.861924
0.797750
0.955280
0.087401
1.763267
1.946099
1.549339
1.980973
0.726749
0.907589
0.148287
1.111347
0.269963
0.073314
0.964284
0.540023
0.208119
1.041687
0.873682
1.909791
0.944431
1.228377
1.812453
0.751880
1.706022
1.936852
0.579061
0.189122
1.552713
0.510722
0.158821
0.090093
1.941826
1.952632
0.237001
0.560326
1.265609
1.097189
0.933709
0.849980
0.760572
0.285742
1.000561
1.110510
1.929799
0.803508
1.420211
1.668265
0.041373
0.905375
1.993049
0.645983
1.286546
0.900853
0.895566
1.619816
0.903225
0.349600
1.483792
0.676737
1.026629
1.489697
0.638660
0.000000
0.231412
0.340771
1.933033
0.658130
1.580250
0.333824
1.705522
1.836350
1.074918
0.669250
1.646103
1.385112
0.643861
0.178918
1.621199
0.541213
1.400147
0.046277
0.083223
1.584257
0.678728
1.867434
0.929168
1.691558
0.784334
1.896948
0.212805
0.653675
0.898677
0.156705
0.893700
0.275332
1.250966
1.175365
0.075384
0.109018
0.020315
1.108695
1.206204
0.792913
1.715057
0.084529
1.373670
1.740695
0.113723
0.872720
1.819616
1.447430
0.926399
0.877277
1.679395
0.899863
0.138673
0.723140
1.608828
1.456075
0.877276
1.320580
0.573965
0.415880
1.626776
0.232751
0.255763
1.666469
0.384920
0.345094
1.821126
1.612471
0.119633
0.822398
0.017251
0.460304
0.342132
0.854671
0.640343
0.471322
1.598847
0.367124
0.586345
1.027063
1.259569
1.833641
0.716684
0.727458
1.169809
0.908382
1.335177
1.068170
1.971955
0.396499
1.869175
0.404736
1.432741
1.510567
1.145785
0.542061
1.397788
1.687602
0.349630
0.725281
0.000000
1.366480
0.607458
0.474573
1.410337
1.852106
1.534390
0.505996
0.863730
1.467381
1.043274
0.485902
1.298493
1.783399
1.303460
1.846838
0.797156
0.895669
1.724534
0.692854
0.796168
0.786416
1.777109
0.900274
1.601952
1.371624
1.457582
0.817604
0.025198
1.962711
0.764039
1.287492
0.066732
1.107074
1.049703
1.840928
1.664621
0.326280
1.270069
1.754722
1.638281
0.222648
1.960662
1.160278
1.628663
1.076145
1.260075
1.743209
1.128154
1.598480
1.700490
1.589953
1.522388
0.915405
1.177887
1.247097
0.818845
0.193416
1.365033
1.296244
0.918194
0.061697
1.856728
1.309094
0.508142
1.930961
0.388119
0.967850
1.162615
0.787137
0.614027
0.524227
1.575625
0.969063
1.183456
1.847216
0.312724
0.862805
0.274708
0.750604
0.428746
1.226773
1.026017
1.503297
1.619863
0.358532
1.763642
1.219077
1.400390
1.493327
1.636312
1.663132
0.093555
0.010784
1.764109
0.781762
0.198463
1.685422
0.275240
1.840823
0.965895
0.000000
0.330158
1.284857
1.131255
0.300300
0.177451
0.349663
0.470376
0.978846
1.814638
1.335759
1.064694
0.434618
0.042767
1.255348
0.052268
1.763549
0.504856
1.235013
1.030308
0.166499
0.393467
1.216156
1.168969
0.512352
1.063217
0.224833
1.527721
0.477108
1.497142
0.245186
1.517523
1.737852
1.508491
1.770289
1.890291
1.700613
1.062277
1.760746
0.801827
1.222058
1.330872
1.401572
0.361568
1.192051
0.640705
1.518571
0.898838
0.927935
1.569222
1.624701
0.621013
1.588794
1.023477
0.352370
0.982824
1.885718
1.659626
1.816479
0.849845
1.776763
1.784531
1.553688
0.888028
0.327963
0.811486
1.123571
0.521493
1.630294
0.035895
0.549317
0.440768
0.593569
1.138042
0.806946
1.316768
1.420439
1.695078
0.100543
0.507278
1.816194
1.974243
1.611743
0.026307
0.967015
1.557240
0.844438
1.783332
1.856609
0.793884
1.338753
0.986802
1.079120
1.870961
1.222976
1.827837
1.356290
0.823689
1.886205
0.337056
0.241236
0.000000
1.416690
1.715144
0.307044
1.107517
0.401078
1.464916
0.313237
0.166318
0.865116
1.925208
0.640503
0.139631
0.726814
1.363738
1.481648
1.898779
1.242829
1.570250
0.979802
0.710805
0.961421
1.877291
1.221371
1.322454
1.105347
0.451800
0.893873
0.660068
1.960817
0.918743
1.212745
1.870871
0.684463
1.511984
0.498148
0.493118
1.493257
1.097492
1.694633
1.126894
1.038376
1.726990
0.904625
0.418960
1.845695
0.644767
0.137718
1.906196
0.183158
0.734350
1.794817
0.329751
1.750894
1.928934
1.519862
0.925377
0.745734
1.701916
0.280504
0.954804
0.127469
0.612909
1.069579
0.717960
1.389235
0.618903
0.232185
1.806724
1.285943
0.795827
1.027845
0.289942
0.875696
1.793081
0.481639
0.171705
1.424470
0.395816
0.538161
1.975442
0.092701
0.418370
1.549325
1.072454
1.315636
1.865477
1.077942
0.242284
1.095526
0.056587
1.159681
0.973099
0.382261
1.591648
1.289347
1.076259
1.613781
1.588956
1.360415
1.223260
0.000000
1.147396
1.130774
1.548938
0.332954
1.274781
1.863430
1.251187
0.668711
1.570593
0.886843
0.550790
0.274948
1.350645
0.992484
0.018798
1.612869
1.818038
0.573639
0.250237
0.907873
0.688140
1.202087
0.188015
0.167982
0.539694
0.231359
1.308632
1.816123
1.051816
1.472207
1.246167
0.663942
0.364243
1.311114
0.876986
0.098251
1.971474
0.283545
1.497442
1.179269
1.863359
0.603974
1.268703
0.241770
0.228003
0.979538
1.929307
0.967740
0.944983
1.553265
0.885502
1.030914
0.484683
0.423355
1.977008
0.391754
0.149348
1.328229
1.000620
1.267263
0.278249
1.561387
1.530277
0.691149
0.489270
1.387212
1.302366
0.473821
0.936623
1.204058
0.505005
1.078071
1.226871
1.564828
0.233807
1.748638
0.999837
0.937236
1.396115
1.082004
0.107736
0.123483
0.811147
1.969217
0.221884
1.943478
0.551472
1.558261
1.140754
0.168728
1.758223
0.278545
0.758780
0.746724
1.812139
0.198281
0.071180
1.114031
0.702219
0.385460
0.000000
0.354390
0.090020
1.829193
0.215116
1.321220
1.543675
1.091216
1.303783
1.414179
0.085722
1.716192
1.237489
1.942798
0.485149
0.504239
1.891871
0.006526
0.399783
1.690331
1.411403
0.272729
0.411162
1.730821
1.375386
0.765340
0.195085
0.101225
1.759654
1.138016
1.524981
1.104567
1.958778
1.324218
1.238907
1.567457
0.465188
0.002946
1.694239
1.258202
1.081892
1.121815
0.804933
0.727405
0.241193
1.179862
0.910226
1.752189
0.427051
1.383376
0.033733
0.069157
1.547891
1.637624
1.013446
1.166077
1.952797
0.194932
0.783580
0.247731
0.798131
0.514900
1.364231
1.378498
1.043857
1.100559
0.947008
0.920291
1.298289
1.879156
1.501445
1.159621
0.573374
1.699456
0.321964
1.927854
0.438839
1.521836
1.503225
1.519694
0.102365
0.675565
0.731936
1.136308
1.987738
0.753167
0.818327
0.940848
1.908911
1.087131
1.401690
1.436643
1.904372
1.667702
1.955164
1.939914
0.456666
1.815826
0.650271
1.986760
0.375660
0.000000
1.696880
1.278245
0.920107
1.997500
0.005222
1.523861
1.010000
0.358970
1.945890
1.739846
0.073040
1.686846
1.706116
1.619810
0.251655
0.232753
0.592634
1.100404
1.981478
1.181978
1.921910
0.367019
1.050209
0.814587
0.850028
1.354899
0.008183
0.549796
1.403069
0.227225
0.045773
0.421490
0.755013
0.514242
1.676926
0.931688
1.090585
0.838394
0.402765
1.316885
0.678719
0.165110
1.012742
1.431554
0.113627
0.400653
0.475203
1.689070
0.220015
0.852224
1.070963
0.676436
1.546739
0.555397
1.751639
0.747954
0.544834
0.734369
1.262415
1.894434
0.897725
0.789500
1.342757
0.645806
1.118750
0.697066
0.585134
1.268964
0.412455
1.804601
0.953398
1.302066
1.183316
0.193851
0.374616
1.058701
1.682928
1.740990
1.501286
1.611551
0.494801
1.424865
1.227024
0.546643
1.866390
1.403064
0.556692
1.716648
0.777359
0.838780
0.381580
0.451046
1.102616
0.323845
1.811471
0.450031
1.336389
1.310337
0.206595
1.870830
0.000000
0.716574
1.373451
0.158398
0.136639
1.338859
1.687614
1.303854
1.157097
0.354609
0.864672
1.328832
1.710772
0.663619
1.617804
0.482660
0.534758
1.746960
0.593504
0.444248
1.485544
0.597312
0.659275
0.750263
1.805570
1.835056
0.311751
0.136137
0.033499
0.037488
1.609258
0.142348
1.746391
1.664283
0.955854
0.812770
0.435114
1.470604
1.545431
1.464977
0.371324
1.379560
1.411096
1.667277
1.613874
1.271462
0.995005
1.979826
0.497864
1.159726
0.082467
0.001289
0.335516
1.931621
1.054219
0.694349
0.660756
0.947166
0.849521
0.162346
1.331249
0.523142
0.960361
0.838123
1.643746
1.135679
0.077989
1.971929
0.013433
1.649816
1.769938
0.452160
0.820397
1.346919
1.572477
1.858306
0.504230
1.783392
1.134331
0.494603
1.577393
1.996552
0.319495
0.487940
0.690449
0.461474
0.343954
1.472267
0.292971
0.562632
1.397887
1.165052
1.299217
0.787643
1.353578
0.861259
1.908209
1.017835
1.748828
1.526427
1.593166
0.000000
0.342305
1.472061
1.065128
0.833161
0.283995
1.892812
1.312630
0.315939
0.293792
1.316087
0.674831
1.229383
1.352232
0.041922
0.849602
1.826308
1.638991
1.789786
0.850373
1.777787
0.680666
1.365562
0.608103
0.195000
0.749374
0.025470
0.021057
1.191661
0.934241
1.444744
1.865137
0.617091
1.620162
1.719033
0.225585
1.779636
1.898607
0.970886
0.596556
1.525192
1.669563
1.520753
1.086165
1.053918
0.791583
1.540564
1.093812
0.502860
0.259902
1.239466
1.119560
1.930409
1.110594
1.998503
0.604629
0.296620
0.868979
0.635458
0.833666
0.692987
1.914449
1.443850
1.162067
0.983578
1.954446
1.443276
0.749242
0.042893
0.043786
0.622774
1.174141
1.170277
1.473181
1.454626
0.572584
1.482130
1.544444
1.264954
1.806411
0.278926
1.158187
0.784146
1.903132
0.217557
1.328334
0.282316
0.327790
0.090557
1.208280
1.911436
0.495518
1.071714
0.183443
0.280960
1.394338
0.856653
0.837433
0.434064
1.621346
0.234214
0.000000
0.539861
1.650213
1.440292
0.079280
0.028615
0.422049
0.038579
1.700770
0.514009
1.397697
0.187708
1.245939
1.932094
1.647634
1.896070
0.785561
0.865735
0.171959
0.576849
0.391967
0.963133
1.053269
0.745961
0.586758
1.975183
1.122720
0.093613
0.643984
1.552191
0.060398
1.930447
0.891428
1.384423
0.763275
0.349205
1.537762
1.303087
0.463395
1.410187
0.476302
0.265817
0.014585
1.736681
1.810044
1.690303
1.691521
1.916289
1.012648
0.072462
0.367327
1.596532
0.209351
0.872107
0.923598
0.971348
0.092485
1.828557
0.835232
0.783366
0.637673
0.821433
0.840019
0.439932
1.827703
1.161590
1.118983
0.293125
1.989608
0.691133
1.639924
0.452514
0.869061
1.041663
1.055995
0.878980
0.774796
0.420154
0.689262
0.236404
1.777646
0.618968
1.015728
0.162311
0.259624
0.346060
1.378386
1.931751
1.007325
1.772773
0.070239
0.007369
1.384120
0.452337
0.484336
1.791950
0.982770
1.639999
0.635687
1.120156
1.958278
0.000000
1.077911
1.571309
1.898412
1.801662
1.834372
0.491588
1.367679
0.968588
0.543973
0.442475
1.436014
1.499541
1.103102
1.839638
1.322241
1.812673
1.514715
0.841188
0.633538
0.167766
1.998576
0.722574
1.399081
1.564193
0.305691
1.484222
1.611146
0.483335
0.621715
1.197212
1.849275
1.920722
0.799074
0.521270
1.474035
0.833101
1.160384
0.189730
1.114601
1.253748
0.645937
1.161949
1.812109
0.078162
1.891325
0.359933
0.116349
1.190192
1.956070
0.304538
0.081403
1.813335
0.534361
0.131032
0.107531
0.718608
0.032656
0.125973
1.417402
0.869188
1.312353
1.524864
1.182792
1.839826
0.439222
1.641438
0.947365
1.781581
1.611068
0.256528
0.444166
0.687451
1.109345
1.573355
1.413472
1.644060
0.972061
0.049851
1.296425
0.234774
0.382321
1.203898
0.725422
0.108355
0.195989
1.556784
0.894102
1.857478
1.648744
1.911530
1.520485
0.015370
0.671605
1.582196
0.911723
0.547891
0.759676
1.659082
0.682106
0.479020
0.000000
0.359424
1.383811
1.179103
0.955626
1.234727
1.840973
1.610758
1.761721
1.903157
1.157029
1.684277
0.361686
0.420001
0.921428
1.335082
1.399252
0.263258
0.667855
1.616215
0.417835
1.937435
0.068947
0.941722
0.847773
0.713782
1.028643
0.695922
1.372200
1.878137
0.840306
1.585799
0.645718
1.667556
1.146214
0.976156
0.044031
1.826550
0.941559
0.889727
0.627861
0.905285
0.969947
1.217938
0.234153
0.670753
1.552598
1.936242
1.113936
0.479023
0.494675
0.423650
0.207418
0.342601
1.996799
0.432928
0.397840
0.386450
1.797418
1.011181
1.572665
0.997552
1.465740
1.851570
1.925374
0.814463
0.133577
0.930286
0.774494
0.113747
0.467125
1.425624
1.350660
1.462857
0.141388
1.018868
0.071138
0.994155
1.578501
1.410005
1.515091
0.131016
1.110585
0.249998
1.901777
0.813527
0.311743
0.389112
0.669710
0.524345
0.387075
0.440767
0.393908
1.630099
0.396849
1.814678
1.708395
0.921460
1.418417
0.371213
0.052708
0.000000
0.098113
1.297982
1.351355
1.415357
1.623679
0.232358
1.891384
1.392766
1.240457
1.459328
0.441917
1.195670
1.913105
1.963706
0.524478
0.083700
0.801173
0.660231
0.299765
1.262296
1.583387
0.422963
1.904438
1.694172
0.514827
0.614367
0.970792
0.698404
1.841612
1.405177
0.040752
0.857299
0.687122
0.157953
1.046668
0.938940
1.622016
0.789609
0.596604
1.507071
0.549816
1.529357
0.763599
1.314290
0.476690
0.998138
0.175343
0.765305
1.133065
0.362875
1.999822
0.940072
0.029588
1.303059
1.888160
0.345551
0.304189
1.468182
0.107099
0.528238
0.366108
1.194666
1.229529
0.665322
1.634423
1.970773
1.648008
0.280258
1.884606
1.086537
1.131903
1.739515
0.128210
1.862042
0.990733
0.613454
1.178260
0.089368
0.939716
1.148208
0.322076
0.877340
0.366054
1.524841
1.904499
1.059576
1.660725
0.101854
1.265991
1.789966
0.769468
1.944615
0.028129
0.794485
1.865929
1.000360
1.102417
1.343332
1.069142
1.997279
0.000000
0.296771
1.218790
1.543082
0.263965
0.052120
1.166460
1.539256
0.551847
0.800985
0.623651
1.687888
1.258168
0.276024
1.867037
1.249400
0.121645
1.287952
0.468509
0.525488
0.233254
0.135149
1.625620
1.335243
1.641627
0.968241
0.582790
0.286964
0.759272
1.129526
0.236828
1.658629
0.982551
1.678739
1.418564
1.358146
1.640621
0.342687
1.153685
0.541317
0.369799
0.665582
1.138579
0.596641
0.801908
1.603768
1.642470
1.220099
0.651980
0.167225
0.892851
1.898126
0.956956
0.572870
1.860525
1.308453
0.790975
1.007565
1.731593
0.425604
1.538732
1.165609
0.387567
0.302774
0.270128
0.778303
0.413433
0.434143
0.084364
1.596232
0.095093
1.264161
0.808955
0.985013
1.547439
0.443949
1.267025
0.032674
1.085541
0.179197
1.300737
0.540046
1.761708
1.505910
1.266050
0.093643
1.919643
1.931695
0.476760
1.015365
1.953114
1.024056
1.315537
0.830315
1.749534
0.887885
0.518448
1.321353
1.228145
0.801872
0.571189
0.000000
0.287880
0.240760
0.228393
0.912233
0.793936
1.034822
1.459548
0.864899
1.740113
1.205263
1.690438
0.471515
1.343719
1.059117
0.088635
0.375499
0.021091
1.596036
0.920324
0.397813
1.147465
1.468286
1.277819
0.081438
0.936120
0.836442
0.309670
1.705031
0.461561
0.852828
1.897073
1.449177
0.925043
0.336874
0.747111
0.092561
0.674073
1.157241
1.445982
0.074784
0.085623
1.830950
0.320257
0.157071
1.928904
1.497646
1.898497
0.845900
1.835277
1.915388
0.452981
1.266249
1.030904
0.553699
1.092330
0.279992
1.264317
0.354032
0.906616
1.271968
1.006788
1.631151
1.125739
1.329707
0.089166
0.991600
0.658082
0.214352
0.089680
1.733712
0.073920
1.591561
1.062953
0.948784
1.468592
0.124174
0.847628
1.884220
0.145020
0.949272
1.875082
1.323789
1.906540
1.981098
1.257415
1.284335
0.878071
1.981931
0.946275
0.589568
1.553963
0.417750
0.985771
0.264127
0.776377
0.678433
1.900500
1.441223
1.371848
1.521463
0.000000
0.400263
0.014417
1.474177
1.485564
1.658127
1.424341
0.653796
0.296821
1.196559
1.527268
1.986163
0.838271
0.261995
1.584408
0.109818
0.282854
0.574418
0.947153
0.425020
1.185989
0.921925
0.512169
0.665052
1.319895
0.282246
0.655917
0.445845
0.084253
0.538286
1.525162
1.617979
0.746210
0.377592
0.614452
0.972219
1.755265
1.672975
0.262483
0.652351
1.588859
1.908852
0.302548
1.406668
1.437214
0.256878
1.227912
1.675141
1.046410
0.378125
1.389596
0.863895
0.110123
1.783730
0.273527
0.815705
0.114419
0.769351
1.384507
0.480062
1.509894
1.184837
0.516970
1.826902
1.207150
1.440225
0.156669
1.069958
0.127805
0.933790
1.088360
0.086101
0.585180
1.709583
0.674611
0.964968
1.798236
0.186311
1.965708
1.172999
0.573361
1.422025
0.910136
0.841805
1.444582
1.606530
1.623705
0.827775
0.363576
0.314241
0.742087
0.697888
0.355378
1.849197
1.593991
1.213835
0.976775
1.601697
1.108099
0.578528
0.852341
0.000000
1.393363
0.040717
0.644413
0.325879
1.225072
1.895985
0.471804
1.578938
0.492771
0.982681
0.003232
0.120614
1.689741
0.684153
1.652637
1.751869
0.010761
1.441958
1.658105
1.130042
1.801087
0.557805
0.069250
0.243305
0.856507
0.728903
0.587094
0.852963
0.901285
1.302590
0.393369
0.809013
1.426893
0.287804
0.039693
1.298500
0.923222
0.613057
0.218039
1.523754
1.908771
1.134198
1.114600
1.869372
1.904333
0.650119
1.311125
0.170711
1.545588
1.097223
0.903196
1.059417
0.845045
1.184969
1.144780
0.333608
0.505517
1.383315
0.046419
1.545685
1.301043
0.880495
1.972776
1.827348
0.892140
0.140754
1.007003
1.528068
1.468015
1.927226
1.354322
0.590808
0.735039
1.512139
0.910901
1.548600
1.772982
0.524668
0.113472
0.543869
0.753404
1.260433
1.089406
0.086328
1.632779
0.835614
1.308914
1.531189
1.134568
1.819078
0.462316
1.618442
0.876430
0.164754
0.421416
0.983014
1.928540
0.176364
1.891527
0.022356
0.000000
0.526484
0.537775
1.948347
1.735005
0.857625
0.550997
1.937532
1.250985
0.494764
0.714567
1.434802
0.827491
1.546531
0.565469
1.541777
1.741092
0.203848
1.176932
0.184592
1.109489
0.203262
0.208732
0.199080
0.650221
1.276295
1.595942
1.427203
0.566919
0.401829
1.422246
1.249913
0.845583
0.145378
1.845011
0.418267
0.037997
0.925073
0.781188
0.185593
1.045185
1.889845
1.561167
1.529919
0.954485
0.283439
0.649038
0.790487
1.015527
0.182177
1.756243
1.642277
0.498556
1.561036
1.011736
1.266729
1.550626
1.185543
1.825723
0.466859
1.207614
0.260258
1.429015
0.709543
1.772380
0.902218
0.005196
1.082968
0.796740
0.541806
0.701598
0.010781
0.566735
0.959428
0.130555
0.220737
0.451862
1.129825
0.630189
0.505354
0.754657
1.995086
0.745508
0.357986
0.207369
1.118644
0.436907
1.488144
0.592490
1.174649
0.024417
0.920378
1.532671
1.313306
0.814676
1.638014
1.177143
1.657437
0.420033
0.159436
1.102192
0.000000
1.787609
1.424743
1.641353
0.065749
1.231313
1.470143
1.983495
0.736538
0.166911
0.330693
0.721039
1.972511
0.585653
0.989182
0.431630
1.196611
0.870851
1.280720
0.276997
1.211788
0.157984
1.545706
1.889326
0.757316
1.996612
0.974719
0.197833
0.816229
1.593431
1.737051
1.297392
0.542398
1.634913
0.243221
1.942327
0.291833
1.980726
1.790687
1.465518
0.391546
0.949052
1.670163
1.582499
1.998851
1.527716
1.896971
0.987664
0.318630
0.747189
0.730154
1.107085
1.511217
1.888439
1.598000
0.695132
1.173434
0.848640
1.249898
0.085898
1.070809
0.248020
1.902781
0.966736
1.111526
1.551060
1.982110
0.930234
1.381115
0.142811
1.758116
1.967846
1.312420
0.319286
1.710181
0.524225
0.004510
0.076577
0.303057
0.522856
1.512070
0.062263
1.049723
1.411691
1.891101
0.539608
1.595773
0.711011
1.809061
0.638466
1.630430
1.668870
1.440686
0.795518
1.149004
1.541576
0.366972
0.775787
1.800882
0.450561
1.706365
0.000000
0.144796
1.109212
1.419813
1.041310
1.558668
1.087535
0.817279
0.590850
0.529690
1.396454
0.241258
1.218340
0.372368
0.717880
1.112952
1.668210
1.296651
0.114908
1.153948
0.383108
0.530895
0.415935
1.301194
1.019530
0.521293
0.058514
0.472223
0.811260
0.401828
1.585901
1.223283
1.613765
1.778518
0.390089
1.492903
1.721722
1.542774
1.345445
0.816603
1.942403
0.799927
1.850114
1.800944
1.062997
0.132181
0.056336
1.952327
0.661939
0.674319
1.075676
0.337873
1.156497
0.852556
1.322466
0.487229
0.217924
0.678693
1.652378
1.537558
1.529753
0.067414
1.985647
1.859715
0.298281
0.297418
0.292655
0.782355
0.207010
1.766302
0.050009
0.229379
0.819485
0.408712
1.773948
1.139760
0.019350
0.181283
0.943174
0.538311
1.434004
0.533590
1.922901
0.972695
1.467071
1.185291
0.487081
0.142115
0.167918
0.941674
0.066090
0.523595
1.870997
0.804226
1.023579
1.868029
1.658636
0.093442
0.292629
0.071309
1.292599
0.000000
0.666334
0.246366
0.209529
0.249500
1.130531
1.385172
0.253454
1.335748
1.453607
1.816283
1.920228
1.507356
0.979883
1.849167
1.572542
1.917412
1.045172
1.304808
1.804645
0.840016
1.131078
1.716202
0.189302
1.365235
0.261665
1.491694
1.982372
0.490607
1.333061
0.419079
0.076387
0.313987
0.910169
1.703796
0.221496
0.972749
0.610312
1.367871
1.484021
1.642752
0.815522
0.155806
1.294519
0.451686
0.548215
0.599045
1.959154
1.042700
1.986163
0.740655
0.671095
1.998376
0.061847
1.591475
0.417367
0.070713
1.230850
1.093266
1.521772
1.084000
0.133521
0.321292
0.903064
0.861654
0.107696
0.026554
1.274257
0.836924
0.796888
0.136391
0.367640
1.337343
1.554711
1.069679
1.066038
1.869508
0.021506
0.897393
0.164740
0.796472
1.587828
0.684603
0.964809
1.140638
1.838311
0.418707
0.687700
1.543934
1.658942
0.535729
1.647895
1.002007
0.584323
1.753230
1.223881
1.411149
0.558851
1.322573
0.337156
0.926248
0.000000
1.372798
1.329436
0.573248
0.017201
1.850771
1.958244
1.015017
0.631776
1.803718
1.611456
1.200414
1.741732
0.716266
0.611677
0.152294
1.077649
1.178593
1.702756
1.104110
1.647318
0.388417
1.989105
1.878482
1.459585
0.941827
0.083726
1.009444
1.927732
1.115668
0.845345
1.770429
1.798252
0.163380
1.168936
1.334208
1.751233
1.155068
1.029180
0.369534
0.832602
1.322648
1.233054
0.689610
0.995816
0.441494
0.039403
1.356602
0.889983
1.123603
0.314582
0.332407
0.766139
1.119543
0.593066
0.679650
1.033566
0.483546
1.258391
1.270938
0.864587
0.821019
1.168123
1.093531
1.712010
0.583356
1.940386
0.412863
1.547668
1.153250
1.416530
1.154167
1.700666
1.564569
0.625858
1.808462
0.260925
0.050060
0.974620
0.321369
0.111478
0.769923
1.194286
0.898916
1.047489
1.992290
1.617770
1.812899
1.099921
0.294039
0.980787
1.389879
0.406814
1.583814
1.835947
1.520630
1.069921
1.059844
1.985766
0.180378
0.053757
0.000000
1.150355
0.877756
0.770987
0.094392
0.605398
1.227059
1.336373
1.186928
0.880979
1.273398
1.690834
1.750752
0.766488
0.819739
0.709206
1.359038
0.613577
1.119151
0.012984
0.207878
0.335384
0.703153
1.739731
0.801394
1.881430
0.243365
1.542302
1.929247
1.569262
1.163257
1.053926
0.241806
0.704821
1.191355
0.806576
0.542044
1.264126
0.745078
0.757134
0.829901
1.891386
0.278931
0.606303
0.129541
1.069504
0.567330
0.001146
0.402166
1.472437
0.513352
0.343515
1.650536
1.544223
0.552811
1.305826
0.779963
0.426995
0.350120
1.236101
1.557745
1.996220
1.940390
1.213771
0.157553
0.706015
1.016255
0.024975
1.980664
0.526704
0.369920
1.515337
0.634360
1.859805
0.853808
1.931832
0.707170
1.265768
1.732165
0.270901
1.006651
0.335111
0.096623
0.000155
0.129661
1.373753
1.717881
0.759140
0.665546
1.682685
0.712862
0.377851
0.372013
0.399292
1.375551
0.293491
1.970642
1.525262
0.315244
1.467461
1.846885
0.000000
0.535385
1.440102
1.321679
1.078562
1.103117
1.817270
0.820688
0.220629
0.474627
0.837280
1.328550
1.738235
0.079599
0.287320
0.063966
0.318685
0.110359
1.611146
0.907747
1.813651
0.513423
0.571752
1.288007
0.326183
1.133445
0.837515
0.849156
1.121056
0.941307
0.144416
1.962800
0.941036
1.401285
1.345959
1.094811
0.030496
1.965138
0.554373
1.924561
1.989086
1.501224
1.669580
0.923660
1.749616
1.701510
0.668361
1.579750
0.249600
1.487303
1.861233
0.138154
0.165031
1.104302
1.247165
1.815355
0.138481
0.689430
0.996792
1.947482
0.672023
1.584727
0.087447
1.857268
1.209611
0.289192
1.064472
1.167993
0.210067
0.552802
1.748924
0.873400
0.716789
1.049072
1.841800
0.570573
1.919548
0.824980
1.748715
0.235177
0.166061
0.597985
1.115856
0.930122
0.547817
0.730145
0.322906
0.199078
1.572002
0.649346
0.277945
1.556337
0.593406
1.323031
1.347620
0.433382
0.487655
1.068145
1.405471
1.048483
0.593688
0.000000
0.742693
1.894000
1.149268
1.029323
1.352982
0.495271
1.241192
0.001729
1.341097
1.396710
0.452251
1.632461
1.532901
1.721886
1.635410
0.280417
0.099521
0.663425
0.419172
1.205070
0.917333
1.423112
1.850175
1.901283
0.581981
0.160102
1.190371
1.205306
0.152419
0.125630
1.867929
0.414458
0.044605
0.759098
1.549506
1.495534
1.069239
1.780198
0.196862
0.534600
0.410474
1.565519
1.277718
0.415174
1.044834
0.316695
1.354605
0.521159
1.040809
0.402444
0.767903
0.569823
0.404406
1.245200
0.697280
0.961339
0.584500
1.212263
0.327628
1.703517
0.367522
0.884500
0.471248
1.338880
1.138756
0.873827
1.464817
1.841342
0.024259
1.543384
1.344575
1.461291
0.766428
1.175227
0.248092
1.534045
0.367411
1.661653
0.004174
0.792493
1.696270
0.629715
0.218310
1.468049
1.039929
0.928280
0.721824
1.716927
1.415411
1.214612
0.769259
0.057985
1.887447
1.524461
0.353126
0.934312
1.526983
0.709371
1.990515
0.726793
0.000000
1.999530
1.399384
0.525518
1.123614
0.834869
0.334750
0.908019
1.038922
0.403656
0.699535
0.213895
0.835405
0.060425
0.294122
0.296815
1.055085
0.516854
1.511844
0.024945
0.246027
0.913086
1.056253
0.664943
0.434075
0.239750
0.986931
0.274850
0.141017
0.442219
0.381558
1.179299
1.647244
1.389646
1.453074
1.909455
0.847753
0.724553
1.106948
1.264192
0.468567
1.064455
0.349577
1.620313
0.033163
1.429873
1.155161
0.729635
0.541139
1.727000
1.284284
0.778937
0.760701
0.990734
0.680507
0.836527
0.486823
1.044587
0.135993
0.713073
0.832216
0.392912
1.258369
1.137429
1.518751
0.413062
1.368835
1.806495
0.019430
1.095603
1.522690
1.667960
1.576362
1.197250
0.383473
1.590444
0.192932
0.919173
1.080956
1.831279
0.607541
0.578022
1.330638
0.293523
1.546889
1.637354
0.954017
1.501663
1.602339
0.991592
1.898996
0.231591
1.554379
0.642257
0.286996
1.033437
0.269145
1.541675
1.272482
1.116975
1.026316
0.000000
0.343967
1.747109
0.294885
0.482169
1.810061
0.655138
0.808787
0.099862
0.299379
0.804021
0.353982
0.906914
1.959993
0.838452
1.184223
1.401453
1.878747
0.895667
0.145460
0.124688
0.226010
1.318920
1.614571
1.600425
0.611884
0.949832
1.228870
0.649479
1.101294
1.250348
0.225503
1.378291
0.858279
0.669129
0.484877
0.385979
0.175128
1.499929
0.938238
1.726951
0.174903
0.328284
1.275567
0.373362
1.744618
1.672771
0.013608
1.680247
0.458838
1.754829
1.178984
1.430400
1.161721
1.793787
1.087261
0.214139
1.992462
1.120649
0.672444
1.219833
0.273503
1.159825
1.122097
0.843072
1.840193
0.701894
0.945443
1.346485
1.559237
0.574635
1.841940
1.104607
0.104953
1.419678
0.385500
0.969387
1.469422
0.799649
1.034210
1.111467
1.923710
0.403993
1.119225
0.361837
1.105150
0.464664
0.614358
1.723085
1.807673
1.727950
0.732328
1.145533
0.200036
1.558385
1.893583
0.650117
1.059693
0.971984
0.003956
0.341272
0.000000
0.188717
1.526557
0.369386
1.299825
0.556051
0.465985
0.672329
1.070162
1.967125
0.192798
1.629982
1.967563
0.505806
0.305367
1.354408
0.329210
0.677510
1.244393
0.648198
1.756613
1.995154
0.615768
1.942200
1.138404
0.445098
0.365451
1.908483
0.989183
0.411024
1.135476
0.783924
0.273077
0.558511
1.790706
1.382541
1.720375
0.428202
1.592878
0.021106
1.310595
1.781745
0.950649
0.575804
0.958080
1.421662
0.821370
0.500686
1.420480
1.927254
1.880118
1.272080
1.046426
0.870532
1.013867
0.037919
0.595572
1.632471
1.185482
1.349261
1.564373
0.190193
0.152824
1.307370
1.109369
1.773232
0.156462
1.671346
1.976842
0.797972
1.387877
0.122849
0.996098
0.478331
1.443811
1.494425
0.161443
1.317102
0.988418
0.061781
0.076478
0.921939
1.102651
1.112609
0.452110
0.349317
1.942906
0.366459
0.517112
0.117367
0.677728
0.491634
1.787937
0.457756
0.130967
0.977019
0.202535
1.807103
0.782622
0.352115
1.069881
0.000000
0.906619
1.891195
0.144181
1.641918
0.866731
0.258929
0.117053
1.222392
1.313836
1.762600
0.222226
0.472194
1.269854
1.457037
0.733113
0.757884
1.586868
1.664246
0.119136
1.310049
1.270027
1.726258
1.097834
0.896501
1.633360
0.641168
0.494647
0.562381
1.491112
1.448032
0.512447
1.726571
1.268480
0.781944
1.719587
0.678617
0.799792
1.335499
0.794065
1.830133
1.772811
0.116563
0.381896
1.460439
1.138167
1.546806
1.275307
0.229821
0.794405
0.901894
0.526891
0.679155
0.726067
1.362675
0.060058
0.032363
1.748555
0.533230
1.457497
1.485165
0.474136
1.858006
0.468273
0.922188
1.264012
0.815025
1.299500
0.598972
1.053153
1.165903
1.155671
1.025864
1.175458
1.921390
1.050360
0.001363
1.183209
1.235707
0.258032
1.865772
1.373978
1.475242
1.443657
0.613903
1.261173
0.614479
1.462382
1.048053
0.326420
1.207118
0.623277
0.165833
1.140098
1.508299
0.073690
0.765317
1.777604
1.165625
1.050649
1.416815
0.000000
0.197604
0.204301
1.421309
0.748379
1.848696
0.808854
0.936985
0.431808
1.059214
0.783332
0.144456
1.323473
1.872502
1.886795
1.468469
0.006068
1.418361
0.754616
1.161544
1.852989
0.949161
0.946291
0.280723
0.175503
0.523491
0.710683
0.637805
1.294738
0.748348
0.163068
1.315884
0.745946
1.104201
1.707421
0.561555
1.634753
0.720934
1.954082
1.198607
0.562963
0.897416
0.766910
0.666955
0.056124
1.640890
0.591057
0.899330
1.617214
1.798639
0.110585
1.869475
1.719044
0.166001
0.801318
1.637852
0.398110
0.832828
0.767992
1.224863
0.150226
1.218303
0.122510
0.951612
1.963905
1.368287
0.968772
1.094485
0.557953
1.877380
1.629057
0.987383
1.188252
1.794214
0.111459
1.563409
1.213766
0.324099
0.707765
0.637507
0.660771
0.991456
1.609097
1.042577
0.670770
1.841963
0.277304
1.210416
0.000971
1.542889
1.356699
1.010993
1.304742
1.048400
1.100653
1.863098
0.188717
1.201535
0.852946
0.414274
0.597609
0.000000
0.054623
1.296516
1.368008
1.299379
1.428764
1.211532
1.403093
1.963205
0.836094
0.718563
1.792430
1.499200
0.770385
0.268055
1.315634
0.315418
1.821192
0.666516
1.455224
1.408553
0.578048
0.603038
0.710488
1.342990
1.416499
0.167201
0.550494
1.879402
1.411799
0.925441
0.365051
0.772693
0.871572
1.403125
1.067774
0.559040
0.520586
0.865736
1.631942
1.415999
1.271452
1.145758
0.168381
0.503282
0.513515
0.110894
1.277501
1.259555
0.022058
1.258428
0.602955
0.309210
0.464745
0.662082
1.947363
0.087433
0.993779
0.180978
0.730325
1.421116
1.743962
1.583041
0.271851
0.902955
1.223924
0.515033
1.882682
1.923803
0.349960
0.913164
0.925593
1.539777
0.904521
1.986616
0.773953
0.418026
0.327743
1.872660
0.846267
1.231691
0.340405
1.754153
1.497926
1.531784
1.320181
0.271970
0.658282
1.271060
0.374168
0.456752
1.478890
0.419620
1.977296
0.785451
1.360595
1.121902
0.378879
1.258028
0.392116
0.068258
0.000000
1.194705
0.547394
0.490772
0.486418
0.287637
0.944124
1.488650
1.283749
1.282289
1.996522
1.069679
0.177319
1.891471
0.350879
1.399531
1.615246
1.798911
1.619212
0.262090
0.518067
1.562899
1.931033
1.200992
1.363132
0.276616
1.602354
0.463033
1.919579
0.066350
0.267888
1.185213
0.992115
1.373402
0.178384
1.265578
1.712169
0.447552
0.773356
1.839857
1.799958
1.901303
0.920071
1.933450
1.314698
1.209379
1.897869
1.991692
0.693277
0.720243
0.251014
1.816015
0.616589
0.721167
0.534765
0.471750
0.855272
1.826252
0.855047
0.909652
0.431311
0.296428
0.797519
0.311718
1.976475
0.475368
1.647748
1.653247
1.034321
1.219833
0.897128
0.656666
0.885521
1.054737
0.555796
0.362082
0.288665
1.810789
1.480893
1.028592
1.108263
0.223457
0.055913
0.006651
0.954824
1.190611
0.611304
0.444541
0.919597
1.079477
0.814240
0.849706
1.855189
0.597759
1.669472
1.354178
1.235654
0.893331
1.261242
1.858341
0.763102
0.000000
0.962915
1.220276
0.085261
1.350916
1.361264
0.293471
0.061408
0.330090
1.716823
1.550640
0.349390
1.671117
0.804053
1.414452
0.159683
0.468117
0.517793
1.312620
1.274735
0.546791
0.276320
0.017428
0.046173
1.782772
0.436702
0.214232
0.295485
0.769932
0.429981
1.685882
0.329336
1.363964
1.943114
0.158413
0.299963
1.582534
0.293112
0.846414
0.300979
0.197302
1.786688
0.152143
1.079612
1.341122
0.069309
1.064638
0.975556
0.711918
1.718715
1.150819
0.809976
0.971506
0.792683
0.535961
1.975296
1.188197
1.667837
0.623131
0.262847
1.451746
1.005894
1.997966
0.089385
1.391574
1.830467
0.274962
0.516687
1.725225
0.209708
1.904656
0.574245
0.138319
1.607323
1.661475
0.677599
1.262259
1.973961
1.068884
1.222939
1.461454
1.079164
1.359833
0.485286
0.364190
0.381192
1.654955
1.291468
0.656786
0.749241
1.946311
1.195290
0.257198
0.786267
0.194967
0.971442
0.539083
1.229859
1.262086
0.157715
1.440184
0.000000
1.723223
0.914598
0.631453
1.418086
1.852744
0.867317
1.817745
0.903993
0.511580
1.579200
1.651639
0.160434
1.216489
1.452522
1.059762
0.338550
1.212641
0.500042
1.302577
0.876835
0.800101
1.005083
0.924635
0.019531
0.797899
0.617153
0.444474
0.467316
0.861647
1.117367
0.359914
1.928156
0.734730
0.823079
0.782422
1.433816
1.237636
0.360085
0.732173
0.138221
0.252992
0.095136
0.659722
0.840778
1.713197
0.816442
0.624085
1.366539
0.370366
1.114192
0.583121
0.077659
1.463941
0.602361
0.604648
0.872939
1.718697
1.154360
1.499841
1.512163
1.531856
0.786255
0.453860
0.669344
0.765331
1.811118
1.848248
1.199597
1.004083
0.476583
1.192284
1.011356
1.217033
1.016450
1.191381
0.379618
0.585602
0.151953
1.444287
1.808191
1.890411
0.369882
1.567772
1.930094
0.765625
0.628565
0.971195
1.679862
1.462225
0.261122
1.095961
1.606394
0.165392
0.048276
1.552957
0.622133
0.926030
0.134278
1.160297
0.314953
0.000000
1.561376
0.485429
0.785814
0.246851
0.823920
0.931682
0.095719
1.452935
0.157483
0.130913
1.376138
1.106155
1.433969
1.800209
1.922568
0.223366
0.445903
1.830454
1.769776
0.810140
0.336754
1.038481
1.155249
0.436419
0.020091
1.374567
1.540691
0.008629
1.721121
0.289745
1.796157
1.972730
0.412589
1.279779
1.651324
1.171561
1.451310
1.966010
1.165897
1.310448
1.683073
1.997790
1.365022
1.174972
1.928950
0.919213
1.701037
1.254794
1.333541
1.648054
1.573543
1.593955
1.159065
1.861268
1.793990
0.283796
1.144297
1.305444
1.383168
0.949687
0.081757
0.067200
1.568853
0.058975
1.007941
0.031926
0.645665
0.974103
0.693115
1.805668
1.966614
1.707293
0.150084
1.448179
0.152671
0.272580
1.720360
0.225727
0.711219
0.116427
0.250299
0.797326
0.361950
0.126149
0.826006
0.931075
1.336729
1.455409
0.880235
1.224027
1.390089
0.754860
1.824901
0.710883
0.022350
0.914682
0.912673
1.348112
0.842948
0.745362
0.000000
0.657218
1.850438
0.536609
1.455457
1.192810
1.842832
1.542296
0.835421
1.438322
0.722758
1.326911
1.262905
0.299916
0.500368
1.769094
0.386084
1.219319
1.193588
0.067170
0.815692
1.031121
0.666171
1.039539
1.274541
1.839022
1.298250
1.763160
0.666913
0.207351
1.720567
1.456636
0.029417
1.208447
1.932950
1.389767
1.995658
1.290883
0.358098
1.730363
1.701910
0.668497
1.013699
0.360529
0.759145
0.377897
0.884062
1.294287
0.410104
0.547677
1.759987
1.310962
0.445890
0.561145
0.116773
1.126776
0.614229
0.532254
0.645290
0.057071
1.437866
1.780687
1.511166
0.315604
1.386612
1.457101
0.563758
1.430897
1.370198
0.652263
1.769738
0.007667
1.566931
1.123673
0.447193
0.901625
0.107464
0.489738
1.284902
1.109629
0.200178
1.157015
0.283706
1.195862
0.490911
1.647496
1.667921
0.549413
1.215202
1.354711
0.516497
0.974536
0.744655
0.086499
1.125709
0.463333
0.145572
0.087422
0.902683
0.980572
1.420855
0.000000
0.303277
0.978821
1.898833
0.270079
0.341577
0.268583
0.220118
1.682761
0.333251
1.705862
0.343087
1.773888
1.844659
0.057208
1.946084
1.218817
0.809932
0.001311
0.664751
0.620515
0.971839
0.446531
0.300173
1.246099
1.697638
0.597973
1.628442
0.970738
0.274350
0.146340
0.396033
0.067112
1.369862
1.600415
1.092772
1.506158
1.736627
0.191194
1.356857
0.475168
1.117746
0.822026
0.264111
1.072053
1.170446
1.344236
1.415681
0.191264
1.214236
1.388896
0.478455
1.563739
1.374399
1.889400
0.748371
0.079222
1.845745
0.519291
1.675810
0.107631
0.034339
1.413597
0.836952
1.851100
1.507442
1.850937
1.380228
1.560976
0.528606
0.389130
0.092960
1.760002
0.034076
1.195910
0.444817
1.805036
1.326826
1.091362
1.013582
0.125575
0.188955
1.165879
1.334120
1.917123
0.160899
1.337143
1.798751
0.192832
0.321825
1.842831
1.306929
0.684256
0.954489
0.895818
1.938500
0.711388
0.325361
0.342473
1.034009
1.647571
0.000000
0.348900
0.268665
0.201091
0.898113
0.316019
0.635121
0.811353
0.442364
1.057802
1.789865
0.844086
0.078970
1.380586
1.274969
0.606568
0.251328
0.117938
1.386840
1.544863
0.937114
0.403277
1.748604
0.187085
1.378429
0.215020
0.066804
0.076718
1.594181
1.983670
1.339510
0.287206
0.139623
1.811225
0.861288
0.370216
0.350509
1.176133
0.504656
1.683262
1.317770
1.571333
1.076092
1.220888
1.582376
1.413503
1.259333
1.756350
1.788278
0.258362
0.479486
1.607950
1.888890
0.707529
0.648220
1.409196
0.580630
0.369089
1.537833
1.280114
0.783548
1.818733
0.178598
1.394358
0.673343
0.394108
0.953068
0.160428
1.506075
0.732711
0.112155
0.748594
0.527277
1.352706
1.782922
1.944745
1.750635
0.068227
0.488974
0.631874
0.290070
1.221197
1.627306
1.370185
0.735563
0.832182
0.738979
1.837956
0.980464
0.835497
0.780758
0.089804
1.700736
1.268716
0.301244
1.747976
0.483093
0.627786
0.342561
0.063453
0.264034
0.000000
1.053030
1.895308
1.930371
1.820903
1.801828
1.771098
1.279521
1.623003
1.143166
0.445407
0.217511
0.720294
1.005336
1.648097
0.701308
1.772588
1.920239
1.791437
1.248043
0.386763
1.622790
1.013260
0.163088
1.156838
1.919931
0.185446
0.247082
0.840534
0.585687
0.439192
1.815159
1.722344
0.621462
1.550382
0.129468
0.425077
1.459549
1.130692
0.394332
0.002036
0.269862
0.219330
0.249218
1.446169
1.284609
0.944137
1.487622
1.569298
0.469501
1.119295
1.868694
1.314008
1.964875
1.985487
1.325302
1.648101
1.761800
1.142774
0.899648
1.782166
0.437221
1.121823
0.134103
1.635110
0.708108
0.945874
1.590675
0.758080
1.350847
0.069104
1.027578
0.189178
1.758949
1.255128
1.436594
0.489290
0.530804
0.428362
0.121470
0.951170
0.790968
0.099949
1.924865
1.945733
0.384911
1.611639
0.772498
0.885789
1.301207
0.084267
0.150998
1.879423
1.377252
0.102078
0.498139
1.274017
1.379364
0.590739
1.650958
1.117741
0.000000
0.365561
1.125094
0.570233
1.588652
1.865072
1.458521
1.361759
0.829486
1.694288
1.832114
1.351417
1.702861
0.412484
1.918079
1.732849
0.405620
1.355580
1.446805
0.572065
0.439922
0.608614
1.900193
0.394327
1.625863
1.640544
0.603623
0.236091
0.767423
0.908861
0.422511
0.243021
0.715706
0.351803
1.787500
0.601042
0.105053
1.385505
0.008595
0.953110
0.626680
1.815792
0.207376
1.731963
0.965472
0.604839
0.057219
0.952828
1.615475
1.661664
1.359567
1.500963
0.187972
1.504874
1.773885
1.445068
1.400967
0.472272
0.945244
1.428692
1.955423
1.449116
0.784840
0.232224
0.018743
1.734349
0.335993
0.530868
0.257372
0.467863
0.535741
1.636382
1.213870
1.774310
0.418837
1.764426
0.492157
1.400825
0.997412
1.782867
0.473614
0.586481
1.902551
1.679421
1.716822
0.843132
0.468282
0.687871
0.886708
1.745582
0.829625
1.395497
0.899337
1.415439
0.661505
1.210599
1.540423
0.047078
0.484523
1.694742
1.781118
0.000000
1.170361
0.752797
1.628667
0.133668
0.947934
1.825021
1.455268
1.885758
1.023907
0.657119
0.435107
0.623794
1.273028
0.276500
0.093284
0.702801
1.868015
0.852225
0.015294
0.925297
1.959857
0.931452
0.790839
1.499023
0.475950
1.395847
0.361585
1.621783
1.418397
1.113917
0.375918
0.828547
1.765197
1.118669
0.130260
0.013545
0.860813
0.846504
1.392866
0.350985
0.484248
0.823461
0.781916
1.644140
0.072796
0.849716
0.245501
1.029718
0.794248
0.793473
0.701944
1.459591
1.310996
1.592971
0.728586
1.850131
0.442410
1.327850
0.783841
0.850639
1.675229
1.522332
0.238654
0.307351
1.931913
1.846782
1.842019
1.924331
0.800410
0.079314
1.639556
0.507665
0.914031
0.416091
0.588374
1.958277
1.102911
1.689465
0.739850
1.502243
1.838632
1.188043
0.779608
0.712277
0.201889
1.643064
1.790297
1.071185
1.785732
0.431862
0.920246
1.650591
0.908285
0.517944
0.469586
0.954796
1.701041
0.472558
1.448491
0.271629
0.000000
0.684510
0.789035
0.337312
0.756921
0.693210
1.607134
1.280187
1.361208
1.220915
0.421749
0.579303
0.577049
0.621861
1.005566
1.859206
0.988387
0.366768
0.439041
1.093275
0.196768
0.566028
0.935639
0.757691
1.533116
0.095211
1.310300
0.608760
1.260969
0.656651
0.426779
1.631042
0.998872
0.581600
0.662385
1.793858
1.120167
0.176014
1.845792
1.368861
0.362524
0.087203
1.942964
1.874269
0.362471
0.208516
1.573993
0.403045
0.588238
0.624758
0.908789
0.626232
0.442035
1.332509
1.712313
0.355954
0.839778
0.757653
0.683690
0.604282
0.928255
1.538680
0.967279
0.625315
1.250030
1.743217
1.394508
0.061692
1.893407
0.204803
1.386349
1.283814
0.624557
0.075197
0.673659
1.919234
1.281474
0.438876
1.780133
0.319860
1.696865
0.705083
0.612963
0.349476
1.518612
0.576578
1.948402
1.677755
1.387706
1.536844
0.078743
1.794817
0.416588
1.645675
1.608761
1.212684
0.930285
1.797811
0.359415
0.189272
0.081718
0.000000
1.378704
0.835507
0.750951
0.868361
1.102436
1.658556
0.977674
1.216187
0.416044
0.424317
0.303079
1.450905
0.200242
1.131541
1.249732
0.367725
0.404491
1.700957
1.130376
0.431634
0.396031
1.769083
0.424148
1.540664
1.165330
1.488486
1.989607
0.761024
1.321241
1.142871
0.820067
1.302658
1.914193
0.248495
0.510635
1.650552
0.390009
1.604956
0.544135
1.455913
0.958240
0.977574
0.251360
1.265835
0.096198
1.974772
0.585786
1.354919
0.193164
1.123733
1.579363
1.890084
0.369696
0.803738
0.150777
1.392118
0.383327
0.653161
0.305145
0.271949
0.910606
0.516720
1.943967
0.406699
1.849889
1.007617
0.061955
1.466346
1.865460
1.675829
1.587609
1.090534
0.615246
0.576722
0.741746
0.658874
1.119061
1.008885
1.007089
1.039449
1.562050
1.754454
1.887378
1.002116
0.770198
0.499060
0.513336
0.772475
1.922049
0.760824
1.326850
0.149357
0.446026
0.173841
0.641475
1.851448
1.347062
1.670902
0.159041
0.219940
0.000000
1.022298
0.952150
0.788520
1.921988
0.658916
0.633219
0.329497
1.887438
0.581062
0.110596
0.001927
0.702072
0.444518
1.341932
0.006223
0.478498
1.731337
1.143610
0.508821
1.012561
0.213502
1.512442
1.061882
0.520886
1.318859
0.129997
0.526266
0.856954
1.302779
1.508862
1.233341
1.878247
1.498368
0.406162
0.978515
1.129426
0.423607
1.692829
1.340084
1.390128
1.256429
1.540441
0.673071
1.399846
0.519499
0.428108
1.459577
0.676417
1.407248
0.368138
1.649497
1.286622
0.861024
1.473849
1.452450
1.321135
1.782409
1.484145
0.454880
0.703862
0.175830
1.679525
1.065754
0.933668
1.717522
1.215604
1.631585
0.900739
1.780689
1.587310
0.697390
0.518081
1.124135
1.439957
1.099800
0.425911
0.330436
1.250063
1.123259
1.447652
0.384088
1.270572
1.402939
0.583198
0.488364
1.962007
1.273959
1.410069
0.646146
1.051524
0.521044
0.090022
0.009929
1.172855
1.427222
1.554769
1.780438
1.011759
1.058864
1.773870
0.000000
0.589963
1.060737
0.741562
0.523942
0.943457
1.537038
1.247956
0.270326
0.179282
1.721422
1.008368
0.780157
0.217694
1.119057
0.734475
1.997515
1.699176
0.027719
0.109223
0.440640
1.713746
1.065953
0.749777
0.678532
0.156467
0.688133
1.001911
0.943679
1.182480
1.108586
1.002678
0.754875
0.238413
1.265348
1.017278
1.634562
1.779585
0.830846
0.543898
1.408878
1.765655
1.286411
1.613230
1.484426
0.835988
0.071732
0.146494
1.097529
1.829319
1.355354
0.075708
1.898062
1.573141
1.027626
0.696039
1.296942
0.047222
1.015537
1.775136
1.838996
1.106862
0.584818
0.316441
0.608959
0.266927
0.800897
0.085428
1.150603
0.815121
1.805115
0.807914
0.092105
1.686509
1.652085
0.329487
1.580679
0.157618
0.178447
0.744907
0.445159
1.634117
0.186640
0.145205
1.197554
0.965580
1.963917
1.469971
0.588206
1.887225
1.138174
0.042022
1.332257
1.669813
0.687900
1.967654
1.480118
1.761604
1.188511
0.224631
1.197728
0.000000
1.272101
0.967618
0.713712
0.707948
1.531941
0.464905
1.691365
1.297187
1.182867
0.666353
0.169406
0.309914
0.064588
0.436009
0.116364
1.451354
0.115199
0.394714
0.113840
1.723206
1.344171
1.075660
0.677513
0.971607
1.846539
1.254834
1.519984
1.165173
0.677286
0.759778
0.413023
1.576320
0.297576
0.703938
0.654140
1.481943
0.907867
1.737016
1.659384
1.715044
0.691932
0.336666
1.158113
1.411698
0.440645
0.113638
1.412268
1.757259
1.136198
1.274135
0.669898
0.012782
0.314268
0.152754
0.018273
0.397125
0.340528
0.969379
1.462087
1.232511
1.564886
1.496464
1.079587
1.535317
1.502920
0.007702
1.709439
1.471300
1.069478
0.412591
0.543109
1.324759
0.548901
0.455623
0.197886
1.343817
1.140160
1.760050
1.040292
1.668651
1.606938
0.099753
1.497308
0.512045
1.639128
0.642066
0.997108
1.976755
0.155688
1.414500
1.965523
0.259179
1.198549
0.679476
1.444864
0.438110
1.456053
1.360272
1.334089
1.831172
0.000000
0.324653
1.972725
1.979158
1.939537
0.606608
1.721453
1.313143
1.998242
1.254243
0.103660
0.922010
1.339130
1.391285
0.161822
0.401615
1.389748
0.662212
1.765753
1.684920
1.877715
0.028953
1.135846
0.145617
0.445383
0.371624
1.843777
0.832624
0.731001
0.507660
0.098701
1.356820
1.017424
0.046449
0.621462
1.279692
0.718940
1.680579
1.881885
1.937799
0.125390
0.368468
1.644127
0.905447
0.200465
0.863952
0.659547
0.325170
1.557463
0.406513
0.986964
0.962993
0.622288
1.144209
1.862097
1.462532
0.401795
1.358450
1.137245
0.692262
0.851693
0.036437
0.526328
0.321023
1.554081
1.324970
0.114457
0.429654
0.676820
1.076397
0.571787
0.892983
0.429604
0.312825
0.474582
0.683315
0.857573
1.300443
0.405100
1.883837
1.504499
1.939462
1.644741
0.359141
1.260776
1.635452
1.808707
1.306969
0.051545
1.704989
1.877858
1.538059
0.489457
1.212995
0.535219
1.444673
0.420252
0.754562
0.743868
1.260166
1.460715
0.000000
0.671600
1.440383
0.526881
0.989657
0.216244
1.372079
1.808887
0.197112
1.370643
1.877897
0.699325
1.000381
0.761000
0.116014
1.354075
0.270426
1.476267
1.302556
1.986369
1.812774
0.949237
0.931330
0.465075
0.945808
1.941208
0.803297
0.245148
1.269229
1.500403
0.254511
1.548725
0.292781
1.581587
1.843781
0.342283
0.099734
0.797871
0.375434
1.547673
0.644991
1.670830
1.995333
0.926441
0.202945
1.389282
1.710290
1.844168
0.126181
0.212760
0.445428
0.792920
1.312119
1.989723
0.833022
0.160768
0.868933
0.014140
1.622782
0.103604
0.199856
0.171011
1.812062
0.467411
1.168807
0.584854
1.000418
0.949550
1.114635
1.310235
1.118827
0.048182
0.747985
1.390969
1.446636
0.541856
0.183320
0.926528
1.535587
1.316855
1.862803
0.841804
0.037515
1.579090
1.110365
0.026928
1.858710
1.047781
0.196486
0.958041
0.673483
0.335120
1.752408
1.401536
0.584746
0.319149
0.880046
0.562649
0.316727
0.079931
0.020380
0.000000
0.473429
1.586528
1.482341
0.932596
0.928301
1.824174
1.200348
0.388839
1.437911
1.334593
1.722207
1.175338
1.482414
1.256426
1.263344
0.584474
1.877350
1.061627
1.030088
1.772195
0.746307
1.210980
1.412427
1.031240
1.289146
0.894045
1.605652
0.397265
1.897663
1.686012
1.894061
0.749191
0.601995
1.027034
1.128892
1.597438
0.438692
0.926804
1.841786
0.774180
1.671862
0.072604
1.328751
0.126657
1.672864
1.541932
1.791534
0.955710
0.036138
1.510755
0.826274
0.823377
1.135857
1.517776
0.649717
0.478358
1.093626
1.235624
1.820946
1.520220
0.810416
0.293496
0.729269
1.974303
0.116477
0.780791
0.553450
1.049512
1.236201
1.120175
1.105340
0.252290
1.171183
1.205543
1.868383
0.184049
0.964394
1.591435
0.176751
0.072546
0.325414
1.331191
1.782865
1.615226
0.385758
1.870743
0.223493
0.543081
0.096823
0.512441
0.951940
0.226617
0.137870
1.550686
1.639246
1.737404
0.862594
1.238971
0.900697
0.752894
0.000000
1.256568
1.730054
1.254182
1.896115
0.458623
1.603301
0.801174
1.286025
0.933739
0.696465
1.178922
0.900416
0.519846
1.550784
1.946982
1.461688
0.767386
1.750884
0.468582
0.708046
1.468207
1.616476
0.895539
1.183522
1.509886
0.961049
1.032371
0.538380
0.838307
1.863469
0.730543
1.895300
1.077511
1.501729
1.463659
0.299042
1.973119
1.972425
1.794916
0.447584
0.567238
0.039428
1.666926
1.734292
0.851936
0.176128
1.799534
0.021506
0.672782
0.632244
1.914811
1.333413
1.564241
0.458291
1.138904
1.052843
1.123093
1.227892
1.484841
0.189933
0.238927
0.735839
0.664006
1.004069
0.066019
1.824927
0.766540
1.387863
0.057084
0.964976
1.882111
1.753114
0.931922
0.372509
1.676632
1.684781
0.691322
1.960053
1.522838
1.803418
0.310857
0.158295
1.492549
0.808918
1.554926
0.107483
0.261657
0.403832
0.296421
1.766163
1.644477
0.910863
1.302703
1.077718
1.668720
1.017628
0.035675
1.117908
0.497708
0.815419
0.000000
0.742718
1.133255
1.110257
0.807804
0.854529
0.295682
0.064964
1.423919
1.092876
1.134640
0.452318
0.694099
1.040363
1.033723
1.021614
0.957042
1.998273
1.144493
1.195984
1.812288
1.847753
1.816573
0.319268
1.629608
1.734488
0.752842
1.387775
0.218461
0.808414
1.250242
1.148296
1.575261
0.406265
0.569380
1.334905
0.044659
0.495307
1.806497
1.981761
1.108972
1.066310
1.834297
1.390741
0.784517
1.221147
1.231261
0.850051
1.041265
0.404712
1.115826
0.829732
0.355561
0.999849
0.992506
1.037390
1.352254
0.702536
0.972697
1.416730
1.737742
1.392538
1.782067
0.460012
0.385675
0.404710
1.601127
0.817241
1.903293
0.546822
0.444836
0.017927
0.643076
0.699850
1.903736
0.523700
1.394260
1.934190
1.337613
0.961839
0.791201
1.587137
1.035357
1.397155
1.845855
1.889329
0.870952
1.929695
1.940412
0.784744
1.223604
0.114298
0.403186
1.041384
0.263961
1.383802
1.245866
1.278697
1.044902
1.880777
0.619438
0.000000
1.942559
1.187440
0.537484
0.962023
0.228286
0.898025
0.780617
0.511422
1.408141
1.703558
1.991299
1.285080
1.245986
0.839792
0.387999
1.187243
1.323642
0.923968
0.767756
0.412135
0.687494
1.042143
0.591110
0.383515
1.395833
1.394715
0.195454
1.581048
0.230437
0.549193
1.768819
0.757998
0.273001
0.669135
1.925679
0.279865
0.305855
0.396027
1.709326
1.471732
0.218570
1.000576
1.171812
1.230265
1.118348
1.720589
1.465920
0.907521
1.426409
1.353826
1.114984
1.974444
0.623759
1.612880
0.065270
0.459802
1.740589
0.602544
1.616674
1.589867
1.836902
1.608699
0.794874
1.005093
1.024668
1.070731
1.877622
0.586866
1.977321
1.994007
1.220629
0.309007
1.578982
0.953334
1.655569
0.831284
1.797494
1.593788
0.558824
1.811816
0.532589
0.342319
0.037922
1.114144
0.089888
1.760783
0.818632
1.785438
1.798516
0.724515
0.573593
0.307071
0.951251
0.032404
1.453302
0.723081
1.610152
1.390892
0.371436
1.801025
0.000000
1.632610
0.218978
0.674823
1.695291
0.325174
0.228145
0.853515
1.798786
1.542470
0.290002
1.345407
0.798671
0.901806
0.949071
0.497704
1.405751
0.289088
0.590314
0.276715
1.373381
1.439767
1.843676
0.431998
1.903402
1.235531
0.130396
1.600692
0.612516
1.034421
0.591614
0.641310
1.609799
1.129359
1.730452
0.080395
1.113138
1.683158
1.326661
0.926007
1.397449
1.630656
0.038485
0.379193
0.724181
0.139918
0.146408
1.887400
1.137919
1.092233
1.726896
1.403785
1.745842
1.742055
1.619566
1.076921
1.864315
1.787303
1.743012
1.543242
0.365186
0.280937
0.001403
1.178521
0.185888
0.903542
1.431480
1.681380
1.505926
1.518397
1.559472
1.565108
1.356549
0.737740
1.738894
1.298682
1.314582
0.242277
1.339791
0.140580
0.868058
1.514303
1.820809
1.411682
1.774129
1.460796
1.396135
0.634719
1.148728
0.739373
1.453117
0.653674
1.470136
1.829249
0.453603
1.380715
0.173864
0.533282
1.657610
0.190471
0.298272
0.000000
0.455118
1.623909
1.006437
1.149300
1.253776
1.354716
0.567879
1.521505
0.869314
0.099923
0.110155
0.106335
1.873038
1.466730
1.825985
0.084042
1.011101
1.530184
1.479804
1.638683
1.541711
1.532909
1.021822
0.387527
0.132930
0.043133
1.616792
0.610843
1.502703
0.012895
1.807908
1.276808
0.899574
0.847060
0.792066
0.587462
0.132330
1.217501
0.266218
0.612825
0.936501
0.801954
0.909302
1.606911
1.223221
0.554699
1.858413
1.640318
1.866580
0.367545
0.228140
0.174325
0.973800
1.241546
1.440654
0.805508
1.542158
1.508418
0.823305
1.349985
1.209129
1.066027
1.765437
0.216658
1.923969
1.292286
0.338488
1.833535
0.313170
1.740721
0.439492
0.705994
0.819937
1.521074
1.375524
0.476358
1.420832
0.600421
1.009551
1.142233
1.680325
0.696748
1.243460
1.975850
0.468870
0.517520
1.988064
1.576566
0.367336
1.310942
0.582051
0.493268
0.485023
1.138735
1.820842
1.090881
0.944518
1.477668
0.816957
1.642228
0.000000
1.452649
0.272514
1.055612
1.808535
0.582918
0.885819
0.013375
0.583044
0.868310
1.008738
0.403964
0.815930
1.980722
0.117210
1.590587
0.649853
0.344903
1.003686
1.458346
0.652882
1.546072
0.638345
1.792160
1.327237
0.463463
0.416947
0.274638
1.380039
0.517909
0.300392
1.977264
0.245209
1.885148
1.827312
0.293111
1.101379
1.953722
0.641053
0.646975
1.069970
0.243098
0.261801
1.624716
0.545614
1.917583
1.233510
1.174648
0.364418
1.587199
1.026787
1.426340
1.148360
0.054324
0.711354
1.195320
0.895261
1.030827
0.188132
0.724067
1.679329
0.963885
0.984405
1.152000
0.736635
0.428380
1.530535
0.191126
0.812098
1.438599
1.885738
1.152506
0.319130
0.486384
0.780955
0.641067
1.955318
1.408705
0.666869
0.447559
1.684747
1.694255
0.570454
0.024265
1.828103
0.357284
1.620793
0.612478
1.950663
1.702613
1.062021
1.046613
1.590922
1.117542
1.977132
0.576239
1.150019
1.296065
1.292630
1.320140
0.419749
0.000000
0.860846
0.343280
0.734553
1.772305
1.383425
0.859115
0.377082
1.224475
1.799121
1.458357
0.234174
0.368482
1.917138
0.904615
1.893756
1.975539
0.448352
1.392227
1.596021
0.896429
1.377337
1.985275
0.972574
1.162786
1.607841
1.421537
1.125802
1.109953
1.338592
1.597475
1.842998
0.461704
0.553845
0.219558
0.864084
0.964680
0.882875
1.194170
0.610269
0.661989
0.547570
1.083327
0.318814
0.658697
0.048968
0.625450
0.385708
1.178321
0.934056
0.023572
1.828860
0.805460
0.663310
0.977531
0.406229
1.900171
1.641090
1.683312
0.373321
0.446613
1.282075
0.251522
0.503050
1.004341
0.972495
1.320092
0.850018
0.524395
1.405858
1.535669
0.681658
1.163023
1.396974
0.375305
0.786391
0.859337
0.072744
0.077634
1.898694
1.189036
0.368154
0.808467
1.022325
0.516216
0.922197
0.067550
0.262929
1.492202
0.358409
1.904770
0.628592
1.247425
1.655388
0.602534
1.375836
0.797790
1.672149
1.179175
0.738694
1.361015
0.000000
0.055863
1.937688
0.291448
0.380472
0.356064
0.799242
1.206885
1.598540
0.751096
0.716273
1.596951
0.261871
0.261910
0.695011
1.918754
1.185205
0.751637
0.249512
0.164133
0.764511
1.873050
0.436191
1.512899
1.027053
1.702882
1.663158
0.070189
0.557904
0.668540
1.640317
1.573038
0.705661
0.040590
1.269780
0.321115
0.004754
1.730743
1.871450
1.994603
1.868798
0.371443
0.197003
1.007667
0.707343
0.173298
1.177086
1.778902
0.404077
0.819916
1.846869
0.228722
1.506302
0.082550
0.595707
0.212223
0.238377
0.436551
1.738937
1.911206
0.716819
0.709072
0.938600
0.393677
0.998508
1.118255
0.681990
0.477300
1.500704
0.128274
1.084985
0.010298
1.878976
1.091558
1.792831
1.293332
1.084499
0.056815
0.154970
0.737470
1.293363
1.003950
1.007472
0.233961
0.979773
1.280568
0.986097
0.027469
1.409654
1.080479
1.778112
1.517428
1.126993
1.393763
1.314020
0.724170
1.858002
0.180713
1.883474
0.916690
1.631728
0.000000
1.281968
0.617317
0.119326
0.599226
0.809792
1.305300
0.476711
0.093352
0.578492
0.460165
0.693501
1.196622
0.735434
1.920305
0.520877
0.076198
0.830268
0.826255
0.367400
1.707895
0.971922
1.230308
0.694314
0.599620
1.127929
0.808956
0.358959
0.627897
1.798353
0.495687
0.906556
0.146988
1.423886
0.819957
0.408497
1.009640
0.828351
0.314037
1.104827
0.143957
1.764154
0.447023
0.966143
0.635892
0.350489
1.000915
0.684587
0.399794
1.816677
0.137462
0.401026
0.042239
1.016163
1.281575
0.259432
1.598167
1.179675
1.758808
0.054888
1.305014
1.681604
0.847138
1.337494
0.722160
1.492601
0.864643
0.826052
0.069005
1.790436
1.068042
1.705916
0.877242
1.100711
1.495176
1.031026
0.546411
0.096473
1.179921
1.741324
1.968480
0.064143
0.040322
0.879267
1.287264
0.028683
0.313896
0.625026
0.296897
0.075436
0.620881
0.100715
0.405749
0.118247
0.751200
0.949721
1.863664
1.648194
1.005460
0.447547
0.752133
0.000000
1.857826
1.367001
1.542869
1.930476
0.734169
0.345733
1.273174
1.302199
1.491873
1.427999
0.456223
0.428899
0.221204
0.887585
1.520119
0.636193
0.269759
0.945114
0.016572
0.434681
0.266399
0.390376
1.260760
1.282748
1.892563
0.706139
0.209592
1.667964
0.816720
0.193789
0.305353
1.080345
0.704485
0.137326
0.661254
0.571055
1.426757
1.109614
0.304289
0.353833
1.051041
0.966386
1.480043
1.590147
1.438591
0.657694
0.783010
0.547317
1.807786
1.322079
1.501593
1.890492
0.041737
1.129437
1.069132
0.930248
0.528004
1.317266
0.472923
1.981206
0.970304
1.229160
1.794164
1.184177
1.582761
0.716346
1.599802
1.059265
1.826784
0.151567
0.994828
1.630635
1.425022
1.591096
1.191044
1.784264
1.783160
0.221061
1.212511
0.541856
1.490363
0.395631
0.144866
0.874020
0.807636
0.420064
1.232589
1.084318
1.752122
0.360013
0.686541
1.207535
1.012577
1.738860
1.358541
1.003342
0.223862
0.444770
1.604420
0.237655
0.000000
0.297915
0.361944
1.621176
0.541085
1.303461
0.772365
1.142984
0.166520
0.702423
0.041675
0.313438
1.771284
0.498564
1.670060
1.787943
0.870237
0.195913
0.864952
0.448004
0.294990
1.558920
0.265794
0.606736
1.140781
0.862430
1.835123
0.746590
1.616903
1.831135
0.083979
0.550528
0.209047
1.927743
0.573865
0.745951
1.526597
1.606677
0.356849
0.890260
0.703071
0.839574
0.061041
1.393193
0.331206
1.074687
0.245545
0.159919
1.585192
1.786143
0.416207
0.319325
0.208124
1.910053
1.474290
0.211017
1.323837
0.150798
1.640525
0.720742
1.297926
0.375052
1.115529
1.968047
0.402301
0.447648
0.663384
0.506669
0.873096
1.096830
0.090042
0.622423
1.717171
0.408497
1.218872
1.419452
1.230775
1.853245
1.801013
1.031353
0.098669
0.815488
0.142325
0.260672
0.892717
1.241629
0.079844
0.801452
1.303767
1.008307
1.279856
0.403646
0.154261
0.261732
1.685051
0.656851
0.715485
1.054334
1.427201
0.281171
1.828718
0.000000
0.836346
0.370310
0.676832
1.654454
0.809180
0.721287
0.154631
0.226167
1.164769
1.290226
0.675160
1.716325
1.073507
0.260650
1.595150
0.460429
0.121014
0.621559
0.731282
0.065293
1.730362
1.453836
1.514854
0.431296
0.678139
0.619991
0.611351
0.231134
0.983653
0.936915
1.870649
0.041889
1.807724
0.931865
1.945776
1.619807
1.550356
0.413469
1.819941
1.376923
1.007425
1.757117
0.024407
1.312918
1.585443
0.054667
0.554426
0.899638
1.412574
1.116755
0.227322
1.974741
1.395013
0.727595
0.738148
1.576453
0.420070
0.207013
1.599223
0.821766
1.378324
0.561770
1.056921
1.648210
1.877905
1.780499
0.673172
0.848293
0.943883
0.355895
0.223317
1.294904
1.350884
1.642951
0.503157
0.355801
0.532369
0.367876
1.052876
1.251957
0.425640
0.773619
0.928919
0.950909
1.503245
1.481528
1.990189
0.603701
1.975264
0.169956
1.032260
0.081742
0.515648
0.311081
1.597485
1.344215
0.353292
1.977091
1.665375
1.179042
0.000000
1.920581
0.244262
0.415784
0.144523
1.940936
0.515908
0.615256
0.104410
1.197843
1.750570
1.448616
0.380514
0.683785
1.870720
1.842065
0.852718
0.990744
1.865208
1.203123
0.117197
1.762550
0.331527
1.036741
0.319657
1.026256
1.872643
1.337554
0.339147
1.093765
1.486454
1.067127
0.900139
1.904871
1.627976
1.781758
1.970590
0.291020
0.847670
0.123063
0.029430
1.457727
0.921768
1.516658
1.609821
1.459033
1.110286
0.337184
1.558792
0.013265
1.940548
0.196535
0.918650
1.739572
0.266245
1.042451
0.790481
1.074598
0.095754
1.240131
1.562123
0.569156
1.129177
1.154097
0.548866
1.187624
0.893077
1.796705
0.860726
1.147469
0.119719
1.470737
1.005654
1.847993
1.273980
1.723167
0.454881
1.826256
0.412469
1.202995
0.102176
0.483803
1.020607
1.898630
1.900860
1.827431
0.038933
0.968559
0.575351
0.682325
1.403339
0.922223
0.951553
1.672175
1.749879
0.085607
1.944624
0.696724
0.498769
1.231664
1.587739
0.000000
0.666849
0.518922
0.615162
1.395554
1.716147
1.808176
0.733013
0.905881
0.308683
0.922382
1.298118
0.665361
1.747413
1.815262
1.682181
1.306846
0.147754
1.269663
0.244657
1.209792
0.325250
1.548297
0.652624
1.243134
0.025343
0.374729
1.454286
0.559530
0.472326
0.760327
0.043849
0.138476
0.458237
1.283981
0.510320
1.998286
0.235343
0.304634
0.609030
1.380442
0.625036
0.714076
1.077423
1.520196
1.314340
1.354277
0.974552
1.553952
1.940419
1.924679
1.341169
0.441792
0.523382
0.180960
1.442311
1.571558
1.051633
1.609930
1.039757
0.601753
1.481022
1.744049
1.545946
1.061687
0.876654
1.814559
1.522569
1.183008
1.871493
0.059699
1.388831
0.047393
0.353217
0.490468
1.563452
0.451945
1.220688
0.030759
1.068565
0.884942
0.598274
0.839507
1.637273
0.128932
0.668513
1.828654
1.247783
0.555858
1.371429
0.442968
0.089937
0.706837
1.696146
1.442318
1.468967
1.067794
1.430835
0.013898
1.082814
1.372873
0.000000
1.711044
1.081542
1.181349
0.563943
1.303721
1.768419
1.938478
0.517610
1.374453
1.250669
0.515174
0.512248
0.926450
0.464357
1.417945
0.291407
1.708374
0.418533
1.341021
0.023638
0.274100
0.997343
0.744317
1.944916
1.137596
1.260425
1.208905
1.364911
1.368916
1.624071
1.139212
1.974726
0.440060
1.815012
0.255009
0.218047
0.409549
0.812910
1.823831
0.280011
0.158192
1.015886
0.739102
1.967705
1.667363
0.519723
1.231728
0.364426
1.377801
1.120095
0.632868
1.315508
1.461559
1.529641
0.972754
0.014055
1.746919
1.551276
1.575086
1.506592
1.984155
1.546715
0.095959
1.140345
0.634560
1.949148
0.460763
0.442626
0.541052
0.573757
1.827017
1.897901
0.780019
1.150123
1.440829
1.518468
1.338014
0.857697
0.342156
1.903030
1.532041
1.704295
1.465210
1.780357
1.932144
1.612648
1.136435
0.540517
0.907980
0.531995
1.303653
0.074332
0.413908
1.215293
0.292904
0.827225
0.269283
0.935453
1.316651
0.018079
0.000000
0.505516
0.655818
0.344667
1.166332
0.180768
1.790487
0.086434
0.972114
1.883410
0.858882
1.672842
1.103109
0.403680
0.808503
0.888034
0.902251
1.465454
1.908630
1.467608
1.312719
1.043548
0.796761
1.837165
1.662896
1.388722
1.853567
0.647610
1.049031
0.321638
0.314982
1.268246
1.854614
0.321791
0.430930
1.783736
0.695069
1.611382
0.651298
1.033184
1.485835
1.740652
0.742854
1.213025
0.093209
1.618782
1.868332
0.295735
1.415036
0.978565
0.757946
0.251766
0.581858
0.690724
1.126882
1.645232
0.892345
0.007677
1.685385
1.090976
0.358232
0.263177
0.708682
0.133833
0.506530
1.414759
1.249554
0.789818
1.810898
0.432148
1.314881
0.094602
1.933727
1.034277
0.385212
1.980752
1.833061
0.778524
0.058532
1.095137
1.889677
1.304976
1.180149
0.772570
1.098597
0.760721
0.736281
1.922230
1.018968
0.930372
0.521568
0.571694
1.862313
1.593356
1.929079
0.276736
0.546921
0.441640
0.654105
0.088913
1.318682
0.000000
0.945854
1.164809
1.131866
1.137786
0.967006
0.127046
0.333168
1.400257
1.417132
0.247526
0.785501
1.826851
0.917794
0.896539
0.679254
1.707986
1.761660
0.181406
1.795094
0.508123
1.340324
0.939275
0.415680
0.011658
0.420145
1.860859
1.510403
1.134559
0.010070
1.219182
0.957673
0.996981
0.391891
1.641833
1.348587
1.345735
1.141322
0.113219
0.250445
0.803629
0.830584
1.009461
1.484478
0.346529
0.689154
0.349615
1.228635
0.264968
0.040941
1.125914
0.858502
0.220634
0.622983
0.333896
0.397149
1.036403
1.611363
0.138192
1.875493
0.650162
0.620703
0.557089
0.783226
1.546219
0.056197
1.122158
0.132178
1.310778
1.212670
0.014812
1.098195
1.097023
0.704221
1.674756
1.780818
1.147519
1.336346
0.594873
0.664240
0.975433
0.266231
1.746325
0.098148
1.952022
1.541243
1.610417
1.033157
1.625145
0.341246
1.510131
1.762719
1.816719
1.866794
1.063786
0.914819
0.471152
0.827634
0.104666
0.721938
1.724267
0.000000
0.848800
0.668519
0.621722
0.706807
1.469964
0.159930
1.001522
1.450911
1.259858
1.450235
0.626807
0.967269
0.596373
1.457788
0.716603
1.208962
0.687544
1.918125
0.446902
1.230697
0.362332
0.748235
0.025824
0.735426
1.989549
0.184024
1.320829
0.625848
1.564177
0.770005
0.037947
0.482312
0.296119
0.881455
1.679277
1.175973
0.974886
1.226361
1.590183
0.882359
1.589865
0.627298
1.006852
0.710088
1.151175
0.920027
0.589348
0.680048
0.086238
1.835889
0.643505
1.506155
1.517130
0.204804
1.365112
1.012066
1.069942
1.373646
0.493601
1.046688
0.438987
1.184798
1.548538
0.773364
0.579399
1.934304
0.254287
0.829181
0.892199
1.356981
1.885074
0.509947
1.318158
0.165483
0.107482
1.424366
1.294157
1.368262
1.912662
0.249675
1.193255
0.498232
1.078007
1.558360
1.077566
1.765092
0.479991
1.539627
1.958876
0.506146
0.062779
1.340611
0.181050
0.687377
0.654000
0.839554
1.392956
0.290056
0.987870
0.162499
0.000000
0.418411
1.919012
0.692405
0.589494
1.912605
1.531491
0.776637
1.396833
1.288882
0.659005
1.081607
1.832676
0.754072
1.518874
1.380251
0.078261
1.889016
0.135124
1.056544
0.708973
1.850512
1.975230
0.241040
1.746941
0.560815
0.095096
0.669530
1.244981
1.811647
0.738559
1.153685
0.756160
0.578143
0.148020
0.075917
1.844395
0.952724
1.762009
1.970944
0.586402
0.833485
1.479133
1.715299
0.396858
0.736794
1.974641
1.388293
1.771984
1.121041
1.990092
1.079480
1.385340
0.494719
0.681729
0.733845
0.595065
1.677453
1.571278
1.151874
1.845377
1.574746
0.901270
1.534499
1.269158
1.918918
0.241544
0.703647
1.384735
0.109343
0.551962
1.409053
1.672236
0.833246
0.963092
1.101394
1.988023
1.920197
1.682090
0.524932
1.376072
0.892103
0.925575
1.081198
1.627141
0.493623
0.392955
1.186967
1.914150
1.027643
0.667234
0.169049
1.995116
1.146787
1.360276
1.613868
0.586344
0.026580
1.800167
1.838409
1.430264
0.000000
0.159221
1.073967
0.859241
1.470106
0.031117
1.920466
0.602955
0.707191
0.497259
1.850109
1.700057
0.020431
1.619926
0.025067
0.106038
1.783565
1.278759
1.616355
1.746038
1.486196
0.483806
0.666273
1.241457
1.307169
0.213390
1.665926
0.748404
0.849746
1.177335
1.780449
0.803802
1.670847
1.236167
0.039605
0.904709
1.293957
1.120382
0.715976
1.915759
1.426305
1.292701
0.943133
0.335451
0.523846
1.163748
1.793968
1.304128
1.913319
0.644872
1.700103
0.369727
0.832926
0.940941
0.865710
0.566129
1.404263
0.589235
1.558657
0.349765
0.552059
0.276201
0.328797
1.680139
0.145844
1.238405
0.703688
1.927314
1.446791
1.298136
0.001256
1.726437
0.518308
0.090927
1.185697
1.795089
1.107880
0.736910
1.111777
1.909258
0.143319
1.730715
1.583916
1.445208
1.495204
1.438122
1.443949
0.413417
0.382841
0.433485
1.516182
1.013565
1.857384
0.859285
0.182547
1.528402
0.577934
1.882635
0.042504
1.361380
0.103979
0.000000
0.850754
1.650132
1.027778
0.397499
0.915660
0.954905
0.549783
0.330025
1.666998
1.885349
0.394436
0.212185
0.204487
1.351755
0.921623
0.868019
1.815838
0.570462
0.842670
0.710771
1.966511
0.830917
1.789153
1.661193
0.050547
1.101584
1.044126
0.506478
0.897868
0.277617
0.512673
1.881360
0.262541
0.987898
1.377877
1.431440
1.952671
1.935059
1.584459
0.564967
1.170925
1.059390
0.010551
1.933593
0.644759
1.599817
0.131704
0.122777
1.285545
1.576926
0.548238
1.288645
0.736948
0.832170
0.871240
0.522124
1.253123
1.950477
1.488815
0.129637
1.885051
1.136630
0.580629
1.908871
1.762826
1.362165
1.897772
1.034414
1.500577
1.970493
1.607642
0.694782
1.046621
0.791904
0.242331
1.156682
1.571680
0.603336
0.296229
1.848361
1.640340
0.637272
0.225355
0.181142
0.002407
0.585230
1.591740
1.445855
0.303386
1.223367
1.918770
0.995400
1.224515
0.892203
1.770173
1.383179
0.677092
0.797350
1.723345
0.610830
0.000000
0.155518
1.000481
1.045550
0.192831
1.274184
0.187515
0.830566
1.470903
0.617946
0.546369
1.964144
0.988759
0.770176
1.931465
0.621741
0.045775
1.366669
1.452620
1.150322
0.546484
1.610082
0.915208
1.412313
0.705390
1.866000
0.265076
0.152697
1.188015
1.364533
1.052183
1.499895
0.679018
1.848789
1.734265
0.153252
1.216577
1.758948
0.991618
1.954383
0.739753
0.357685
1.631360
0.824836
0.931043
1.690088
0.620445
1.940743
0.158793
1.640081
1.687053
1.320049
1.820865
0.909520
1.938304
0.711871
1.762266
1.799781
1.957000
0.652334
1.479977
1.948167
1.615584
0.635431
0.597186
1.995173
1.895038
1.607990
1.765534
0.802467
1.315380
1.279033
1.247882
0.237267
1.548880
1.950413
0.825782
0.430833
1.381480
1.200380
0.554249
0.719352
1.756885
1.868964
1.905316
0.660068
0.963691
1.162894
1.169472
0.701813
1.949277
0.379313
0.014994
1.680012
0.352294
0.747937
1.690621
1.112154
1.592208
0.221477
1.146787
0.000000
1.760412
1.752647
0.195638
1.469175
1.861206
1.632280
1.589544
1.835360
0.713921
1.336665
1.800139
0.876556
1.430483
1.031959
1.275222
0.369764
0.977225
0.332442
1.806450
0.093204
1.821638
0.422930
1.488848
1.176542
0.347574
1.475980
1.969581
1.788969
1.997685
1.035255
1.728718
0.406683
1.742520
0.661950
1.666457
1.674749
0.351776
0.465859
0.274908
1.592465
1.223529
1.274517
1.011849
0.334010
0.232798
0.377581
0.308363
0.221865
1.282749
1.827167
0.989177
0.619334
1.742105
0.296732
1.547779
1.822155
1.719382
0.397696
1.936011
0.273881
1.783369
0.034051
1.922339
0.796830
0.683574
0.116105
0.977275
1.248246
1.748729
1.016326
1.709283
0.036974
1.368174
0.186004
1.523584
1.389474
0.182599
1.569482
0.094499
0.914817
1.018438
0.771325
1.790110
0.115888
0.894319
0.266076
1.259270
0.626005
1.218217
0.943525
0.970778
0.039696
1.027252
1.963257
1.402117
1.043420
1.670759
1.868260
0.404351
1.620091
0.000000
1.528982
1.157790
1.536252
0.977227
1.215234
0.472689
1.024397
1.303352
1.944146
1.049421
1.080881
1.093814
1.378805
1.653242
0.265202
1.995044
1.886873
1.001609
0.362054
1.993928
0.327155
1.536963
0.886655
0.533872
1.835193
0.195912
1.971400
1.580133
0.985517
0.377291
0.366241
1.992405
1.471638
1.071944
0.471778
0.232326
0.340199
1.040325
0.756339
1.057329
1.953582
1.270951
0.799981
1.957375
0.503382
0.662366
1.013961
0.082631
1.300335
1.711535
1.659671
0.007450
0.293744
1.543068
1.073829
1.918873
1.074521
1.029919
0.553600
0.599666
0.039107
1.818161
0.809571
0.643690
0.468813
1.545098
0.276138
0.274316
1.466634
1.880787
0.708813
1.129282
0.351789
0.799206
0.264518
0.405529
0.958197
0.255236
0.056870
1.854716
1.046606
1.074692
0.615598
0.180396
0.563281
1.670609
1.179834
1.881884
1.668809
0.090692
0.919810
1.772319
0.809423
0.158496
1.712318
0.459379
0.283484
0.998340
0.631445
0.126329
0.000000
1.919222
1.130674
1.225830
1.596398
1.062465
0.892694
1.033306
0.550501
0.914407
1.446301
0.955925
1.384300
0.637365
1.040513
1.641618
0.705359
0.059427
1.130935
0.107432
1.342989
0.402900
0.125166
0.429637
1.501760
1.083428
1.374364
0.421108
1.759267
1.192364
0.652656
1.617369
1.704320
1.941049
0.114232
1.261241
1.650298
0.440409
0.096191
1.384729
1.270757
0.353691
1.857986
0.950742
1.186274
1.233232
0.748877
0.086739
0.123531
0.646161
0.401453
0.461405
1.407237
0.431843
1.941566
0.919244
1.522729
0.943639
0.042319
0.234541
1.595715
1.807507
1.729388
1.085520
0.097556
1.187162
1.869308
1.486803
1.046016
1.268966
1.549539
0.159559
0.609303
0.449866
0.538349
0.541644
0.366500
1.407229
0.715177
0.578432
1.904887
0.915865
1.646396
1.555423
0.135389
1.477554
0.751662
1.635935
0.502747
0.252306
0.492184
0.087912
1.274668
1.814149
1.371105
0.190772
0.165577
1.293155
0.396896
1.356872
0.278337
0.000000
1.730363
1.406029
0.078482
1.246023
0.697567
1.861946
1.831085
1.456984
0.413234
0.439876
1.865858
0.147888
1.221621
1.281505
1.649224
1.637949
1.616449
0.089395
1.480584
0.934387
0.008630
0.000264
0.486611
0.094250
0.972595
0.450674
0.044448
1.071642
1.316151
0.493580
1.752746
0.444521
0.735728
1.038722
1.244530
1.105117
0.704845
0.107605
1.030351
0.037513
0.574172
0.055788
1.365266
1.902076
0.259259
0.926515
0.854560
0.377319
1.309017
0.609339
1.650379
0.763789
1.928075
1.217880
0.350538
0.460113
0.870142
0.225508
1.858490
1.531286
0.809511
1.125893
0.064296
1.280060
1.060584
0.516639
1.980255
0.992956
1.725547
1.930180
0.038867
1.558363
0.551289
0.329232
0.231969
0.456254
0.132540
0.465724
0.081265
0.432846
0.582158
1.598298
0.051788
0.866164
1.685198
0.738714
1.523996
1.588748
1.313832
1.446963
1.238118
1.698923
1.998454
0.641336
0.057636
1.115458
1.686302
0.866200
0.057704
0.886265
0.000000
1.396737
1.017557
0.769866
0.931309
0.911938
1.897800
0.011047
0.694729
1.690317
0.654373
1.310395
0.912607
1.118992
1.230234
0.223262
0.491751
1.155498
0.734202
0.439786
1.990880
1.483961
0.457426
1.493619
0.173934
1.187258
0.619601
1.066829
0.351659
1.301373
0.568347
1.826769
1.582081
1.792723
1.925433
1.694688
1.491625
1.030809
1.229184
0.619071
0.761888
0.809216
0.898950
1.899645
1.708332
1.575906
1.653627
1.444159
1.499648
0.863236
0.895867
0.433185
1.050076
1.893048
1.258134
1.513875
1.041309
0.006941
0.298419
0.297794
1.403163
0.420691
1.389794
1.778563
1.821787
1.244184
0.497416
0.535396
1.359713
1.302668
1.165323
1.499962
0.582911
1.321867
0.011751
1.968407
0.322948
1.060276
1.386935
0.361383
1.393963
0.720038
0.170581
0.442700
0.561225
0.492189
1.711190
1.168555
1.346165
1.260774
0.246666
1.623963
0.487293
1.649784
0.381083
1.906046
0.844964
0.583857
0.886433
0.961617
0.064538
0.000000
0.094783
0.596598
1.806056
0.344481
1.410108
0.285777
0.829305
1.771784
0.101320
1.133233
0.839400
1.964246
0.818380
0.274132
0.367195
1.155261
1.135573
0.263326
1.755587
0.123295
0.348274
0.465089
0.077650
0.207401
1.377895
1.323567
0.353171
0.512139
1.359743
0.780673
0.877090
1.643289
0.220465
0.626661
1.132981
1.212855
0.523932
0.628297
0.451221
0.642104
0.355559
1.257425
1.624876
1.911810
0.328892
1.337759
1.957604
0.450687
1.326489
1.707297
1.163137
0.240539
1.404775
1.819052
1.549177
1.257328
1.121377
1.894653
1.714880
0.356317
1.817125
1.168504
0.421331
0.614221
0.111855
0.720361
1.741443
0.590916
0.826252
0.518403
0.090916
1.739356
1.113236
1.193702
0.474928
1.931953
1.972161
0.251123
1.529498
0.490824
1.554563
1.803571
0.907182
0.928911
0.164409
0.419477
0.883148
0.196000
0.498492
0.871310
0.770375
1.120631
1.267848
0.721398
0.919603
0.271557
0.328086
1.530827
0.032670
1.915673
0.000000
1.069064
0.699163
1.684414
0.060771
1.773096
1.086987
1.842639
1.665514
1.786640
0.422000
0.920336
0.041834
1.854302
1.929937
1.045117
1.741359
1.289101
1.794720
1.339712
0.606581
0.023795
0.761757
0.178561
0.189952
1.938256
1.683088
1.664885
0.613620
1.167178
0.339189
1.937340
1.216731
1.626586
1.551270
1.874263
1.550917
1.010687
0.461923
1.864233
0.158275
0.341346
1.813686
0.800050
0.993542
0.103974
0.620660
1.482551
0.068050
1.009473
0.788906
0.802686
0.416953
1.918814
0.575705
1.873642
0.076592
0.607428
0.098587
0.306525
1.800029
0.639537
0.104948
0.693786
0.228214
1.275475
1.661920
0.818955
0.991811
1.259235
0.487701
0.458940
1.217997
1.469628
1.329646
0.109079
0.095522
1.426172
1.873857
0.259976
1.020296
0.674871
0.213137
0.312542
0.620298
1.164496
0.779397
0.930917
1.943895
1.231443
0.342443
0.438022
0.181231
1.550138
1.768368
0.692349
0.906352
1.942262
1.089572
0.928124
0.317009
0.000000
0.727755
1.303957
1.596816
1.505147
1.668596
1.878701
0.034707
0.364301
1.996560
1.823189
1.967172
0.835867
0.938842
1.494732
0.865420
0.730540
0.004316
0.799186
1.642132
1.380993
0.956174
1.168365
0.974721
1.780468
0.941937
0.450655
0.340871
0.797034
1.039491
0.540107
0.295668
0.139708
1.965775
1.961447
1.216104
1.098444
0.469114
1.289653
1.350953
1.224450
0.325947
0.212698
1.939726
0.833564
1.076992
0.667378
1.257204
0.534026
0.590704
1.428728
1.716036
0.871421
0.742194
1.907317
0.074372
1.414001
0.274694
0.669480
0.029845
1.208290
0.589599
0.668973
0.524868
0.230419
0.214300
0.874107
1.898533
1.796234
0.011470
1.500321
1.034796
0.284286
0.746552
1.389581
1.906996
0.714082
1.571044
0.281912
1.941167
0.702651
1.537173
1.734549
0.753235
0.072753
1.729591
0.716116
0.581304
0.850046
0.258842
1.634519
1.430323
0.299515
1.328334
0.462103
1.202927
0.853083
1.440417
1.798252
0.238166
0.183643
0.000000
1.536602
1.417955
1.325183
1.669458
0.947018
1.404078
0.685580
0.709714
1.551554
0.836074
1.463104
1.701571
0.496155
0.403077
1.418402
0.877967
0.244603
0.382034
1.460096
0.882521
1.631123
0.321667
0.027700
0.536639
0.700020
1.802166
0.943103
1.933452
1.182997
1.478167
0.538843
1.449608
0.928110
0.458435
1.428234
0.190105
1.314214
1.576108
0.892796
1.232874
1.337633
0.951621
0.495780
1.245250
1.546927
1.921981
1.090300
1.506855
0.980145
0.257302
1.809519
0.459978
0.913393
1.854174
1.490742
0.523081
0.951210
0.399508
0.377405
1.286451
0.563914
0.082897
0.296488
1.168513
1.698627
1.908662
1.352658
1.369328
0.573899
1.770951
1.397038
1.100792
1.029414
0.354170
1.876902
0.033072
1.558136
0.211116
0.434716
1.740955
0.193988
1.198064
0.084385
0.724337
1.634957
1.342140
0.819410
1.582027
0.133232
1.728535
0.351738
1.764296
1.055006
0.819677
1.825237
0.171933
1.069949
0.698679
0.735320
0.536336
0.000000
1.325409
1.522015
1.964330
1.557054
1.795005
1.327158
0.269952
0.885304
0.171640
0.135934
0.350573
0.589376
0.678089
1.304006
1.031877
0.974820
1.535927
0.552024
0.571326
0.103036
0.157864
0.679020
1.581104
1.051686
1.987250
0.136331
0.480857
0.232238
0.933329
1.441129
1.370426
1.645871
1.330985
1.412274
1.287095
0.036049
0.282216
1.548427
0.660255
0.791019
1.179772
1.099085
1.432278
1.054028
1.907705
0.729351
1.429324
0.744295
0.149839
1.820429
0.155220
0.454982
0.666984
1.717441
0.408224
0.072381
0.483420
1.705040
1.355689
0.900647
0.935553
1.990915
0.316798
1.879259
1.060264
0.034526
0.593933
1.523447
1.158145
0.751397
1.320784
1.273265
0.480429
0.037499
0.961403
1.898503
0.902488
0.910565
1.393711
1.128739
1.459029
0.638636
0.113326
1.940131
0.565326
1.022769
0.463142
1.000501
1.045434
1.421650
1.612653
1.229329
1.724183
1.486678
1.697045
0.881145
0.219066
0.594799
0.751390
0.420925
0.000000
1.171825
0.704221
1.840794
1.990582
1.033302
1.922934
1.482008
1.237731
1.791916
1.339875
1.437370
1.912609
1.198471
1.478404
1.495015
1.043484
0.679997
1.361742
1.971269
1.178308
1.225141
1.657802
0.203862
0.269327
1.574679
1.922415
0.838195
0.737600
1.901007
0.402894
1.594132
1.087609
1.430328
0.520073
0.081146
0.893860
1.315414
0.934018
0.798990
1.831437
1.826303
0.637309
0.185590
1.616542
0.605764
1.181058
0.064052
1.216877
1.726092
0.691811
0.613622
0.201113
0.306613
0.487041
0.403192
1.086738
1.156912
0.383976
1.527032
0.350138
1.386827
1.259966
1.500653
1.669149
0.832758
0.729781
0.645209
0.645315
0.485919
0.139705
1.009559
0.144979
1.893265
0.638333
0.219998
1.891942
0.785940
1.796751
0.090398
0.960372
1.956825
1.058553
1.674600
0.924106
1.826445
1.527719
0.205027
0.848102
0.125979
1.247151
1.725143
0.576223
0.606444
0.245150
0.205641
0.475440
0.798576
0.358805
0.853052
1.103032
0.000000
